Altitude_m;Temperature_degC;Humidity_%;Pressure_hPa;PM1_ug/m3;PM2.5_ug/m3;PM10_ug/m3
0;6.95;39;912.82;97;168;201
1;7.04;39;912.80;144;253;323
0;7.09;38;912.81;147;259;327
0;7.13;38;912.81;150;267;334
0;7.18;38;912.87;147;263;335
0;7.23;37;912.81;149;263;322
0;7.29;37;912.82;149;262;325
0;7.35;37;912.83;149;262;322
0;7.38;37;912.82;147;258;317
1;7.45;37;912.79;150;265;320
1;7.50;37;912.77;150;265;320
0;7.58;37;912.81;153;267;335
0;7.61;37;912.84;152;264;332
0;7.70;37;912.81;153;272;364
0;7.75;37;912.82;153;273;359
0;7.80;37;912.84;155;272;369
0;7.84;37;912.83;155;272;362
0;7.88;37;912.84;153;268;349
0;7.92;37;912.84;157;270;357
0;7.95;37;912.84;155;269;350
0;7.97;37;912.85;155;269;350
1;8.00;37;912.80;154;268;355
0;8.00;37;912.83;154;268;355
0;7.93;37;912.84;157;274;361
0;7.90;36;912.86;155;272;358
0;7.90;36;912.83;156;276;363
0;7.91;36;912.84;156;276;363
0;7.87;36;912.84;157;275;368
0;7.85;36;912.81;157;275;368
1;7.83;36;912.80;156;270;361
0;7.80;36;912.84;156;270;361
0;7.79;36;912.82;164;281;369
0;7.77;36;912.82;163;279;367
0;7.76;36;912.83;160;277;367
0;7.75;36;912.84;160;277;367
0;7.73;36;912.85;158;277;362
0;7.70;36;912.80;158;277;362
0;7.67;36;912.84;159;278;357
0;7.63;37;912.84;159;277;357
0;7.53;37;912.83;156;281;365
0;7.49;37;912.84;156;280;364
0;7.43;37;912.88;155;282;370
0;7.39;37;912.85;155;282;370
0;7.32;37;912.86;156;282;371
0;7.27;37;912.88;156;282;371
0;7.15;37;912.87;155;280;367
0;7.09;37;912.91;155;280;367
0;7.04;37;912.87;153;275;355
0;6.99;37;912.86;153;275;355
0;6.94;37;912.87;153;272;344
0;6.90;37;912.86;153;272;344
0;6.85;38;912.86;150;263;338
0;6.82;38;912.85;150;263;338
0;6.76;38;912.87;150;259;326
0;6.72;38;912.88;150;259;326
0;6.66;38;912.84;153;259;332
0;6.63;38;912.83;153;259;332
0;6.54;38;912.81;153;259;332
0;6.50;38;912.85;152;262;342
0;6.47;38;912.84;152;262;342
1;6.29;39;912.74;158;271;350
1;6.03;39;912.69;158;271;357
3;5.70;39;912.58;156;272;352
3;5.46;40;912.55;158;271;355
3;5.16;40;912.53;160;274;359
3;4.90;40;912.53;159;272;356
4;4.82;41;912.46;160;266;355
4;4.69;41;912.46;160;266;355
3;4.61;41;912.48;155;268;370
3;4.43;42;912.52;155;266;367
3;4.28;42;912.52;148;262;356
3;4.18;42;912.55;147;262;358
3;4.09;43;912.57;147;260;340
2;4.01;43;912.62;147;260;340
3;3.90;43;912.53;148;260;337
3;3.82;43;912.58;149;261;338
3;3.64;44;912.52;146;261;343
3;3.49;44;912.53;146;261;343
3;3.27;44;912.56;147;262;344
3;3.10;45;912.52;146;261;341
3;2.97;45;912.50;150;265;356
3;2.90;45;912.57;152;270;369
4;2.79;46;912.44;151;267;365
9;2.66;46;911.89;151;268;368
16;2.61;46;911.08;149;268;353
24;2.56;46;910.24;150;267;356
32;2.56;46;909.30;142;251;317
41;2.50;46;908.35;139;244;309
50;2.38;46;907.38;126;222;289
58;2.25;46;906.53;122;217;286
66;2.17;47;905.60;121;213;286
74;2.17;47;904.73;121;213;286
85;2.14;48;903.54;118;207;275
93;2.12;48;902.68;118;207;275
95;2.13;48;902.37;119;205;273
94;2.11;48;902.49;118;205;269
94;2.09;49;902.54;121;209;260
93;2.08;49;902.61;121;208;269
93;2.00;49;902.63;119;218;295
93;1.93;49;902.63;119;218;295
94;1.87;50;902.54;120;217;293
94;1.82;50;902.56;120;217;293
94;1.76;50;902.52;122;223;293
94;1.71;50;902.54;123;223;295
94;1.67;51;902.56;124;230;307
94;1.64;51;902.54;124;230;307
94;1.57;51;902.52;125;228;304
94;1.53;51;902.56;125;228;304
94;1.46;51;902.52;126;227;298
94;1.42;52;902.54;126;227;298
94;1.38;52;902.54;127;227;305
94;1.34;52;902.57;127;227;305
94;1.30;52;902.55;126;226;297
94;1.27;52;902.56;126;226;300
94;1.23;52;902.53;124;223;301
94;1.21;52;902.54;124;224;306
94;1.18;52;902.55;122;217;299
94;1.16;52;902.56;122;217;293
94;1.15;52;902.56;122;213;282
94;1.12;52;902.52;122;213;282
94;1.09;53;902.53;121;209;288
94;1.08;53;902.56;121;209;288
94;1.05;53;902.58;122;206;285
94;1.02;53;902.55;122;206;285
93;1.00;52;902.59;121;205;278
94;0.99;52;902.55;121;205;278
94;0.96;52;902.56;118;201;283
93;0.95;52;902.59;118;201;283
93;0.94;53;902.60;119;199;283
93;0.93;53;902.60;119;199;283
94;0.91;53;902.57;115;201;275
93;0.90;52;902.59;114;205;282
94;0.88;52;902.58;112;198;274
94;0.86;52;902.57;115;202;274
94;0.85;52;902.57;112;200;274
94;0.84;53;902.57;112;200;274
93;0.82;53;902.61;113;193;262
93;0.82;53;902.60;113;193;263
94;0.80;53;902.56;110;192;263
94;0.80;53;902.55;110;192;263
94;0.80;53;902.55;111;195;265
94;0.80;53;902.56;111;195;265
96;0.79;53;902.30;111;195;265
104;0.79;53;901.43;111;195;265
116;0.80;53;900.16;112;195;261
127;0.81;53;898.97;110;195;259
139;0.83;53;897.60;108;192;275
150;0.86;52;896.46;105;188;271
161;0.90;50;895.21;97;172;249
172;0.95;48;894.09;90;160;233
184;0.99;46;892.78;61;107;154
194;1.03;45;891.64;53;90;127
194;1.09;43;891.74;34;58;79
194;1.15;42;891.70;33;55;75
194;1.18;42;891.70;32;54;71
193;1.22;41;891.78;32;54;71
193;1.25;41;891.78;29;50;65
192;1.29;41;891.88;31;53;69
192;1.35;41;891.83;34;58;78
192;1.39;40;891.85;34;59;83
191;1.42;40;891.92;37;59;82
192;1.45;40;891.94;36;58;81
191;1.49;40;891.94;37;59;85
192;1.51;40;891.91;37;59;84
191;1.53;39;891.94;37;61;83
192;1.55;39;891.89;37;61;87
191;1.57;39;891.96;37;58;83
191;1.60;39;891.93;37;58;83
191;1.61;39;891.93;38;61;86
191;1.63;39;891.93;38;62;88
192;1.65;39;891.88;37;62;86
192;1.67;39;891.86;37;64;87
192;1.69;38;891.90;38;63;86
191;1.70;38;891.94;38;63;86
192;1.72;38;891.90;35;57;80
192;1.73;38;891.89;35;57;81
192;1.74;38;891.87;35;53;76
192;1.76;38;891.88;35;53;75
192;1.77;38;891.91;35;56;76
192;1.78;38;891.87;35;56;76
192;1.80;38;891.89;35;57;79
192;1.80;38;891.87;35;57;80
192;1.82;38;891.91;35;56;79
191;1.83;37;891.95;33;54;77
191;1.85;37;891.97;34;53;77
191;1.86;37;891.93;33;54;79
192;1.87;37;891.88;32;52;77
191;1.88;37;891.95;32;52;77
191;1.89;37;891.99;33;56;80
191;1.90;37;891.98;33;57;79
191;1.91;37;891.93;35;61;83
192;1.92;37;891.91;36;63;85
191;1.92;37;891.97;35;61;81
192;1.93;37;891.91;35;61;81
191;1.94;37;891.98;36;60;83
191;1.95;37;892.01;36;60;83
191;1.96;37;892.01;35;58;80
192;1.95;37;891.91;35;58;80
192;1.96;37;891.86;32;53;73
192;1.96;37;891.89;32;53;75
192;1.96;37;891.89;32;54;73
191;1.96;37;891.95;32;54;72
192;1.96;37;891.91;32;53;75
197;1.95;37;891.32;32;53;75
209;1.95;36;889.99;31;53;73
217;1.96;36;889.19;31;53;73
225;1.98;35;888.27;26;43;63
234;2.01;35;887.30;25;41;59
244;2.03;34;886.24;16;27;34
253;2.06;34;885.25;15;27;34
264;2.11;33;884.10;12;24;27
274;2.15;33;883.05;12;24;27
286;2.22;32;881.73;10;20;25
289;2.27;32;881.37;10;20;25
289;2.33;32;881.40;7;16;20
289;2.37;32;881.45;7;16;20
288;2.43;31;881.46;6;10;15
288;2.48;31;881.57;6;10;15
288;2.54;31;881.56;5;8;12
287;2.58;31;881.59;5;8;12
287;2.65;31;881.62;5;6;8
287;2.69;31;881.62;5;6;8
287;2.75;30;881.60;5;7;8
288;2.79;30;881.56;5;7;8
287;2.84;30;881.61;5;7;9
287;2.87;30;881.64;5;7;8
287;2.92;30;881.61;5;7;7
287;2.95;30;881.60;5;7;7
287;2.98;30;881.57;5;7;7
288;3.01;30;881.56;5;7;7
288;3.04;30;881.57;5;8;10
287;3.08;30;881.60;5;8;10
287;3.11;29;881.61;5;7;10
287;3.13;29;881.59;5;7;10
287;3.15;29;881.60;5;7;11
287;3.16;29;881.62;5;7;11
287;3.18;29;881.63;6;8;12
287;3.20;29;881.62;6;8;12
287;3.21;29;881.60;5;7;11
287;3.22;29;881.58;5;7;11
287;3.24;29;881.58;5;6;7
287;3.25;29;881.62;5;6;7
287;3.27;29;881.60;6;8;8
288;3.27;29;881.56;6;8;8
288;3.29;29;881.56;5;7;7
287;3.29;29;881.57;5;7;7
288;3.31;29;881.54;5;6;6
288;3.32;29;881.53;5;6;6
288;3.33;29;881.53;5;7;10
287;3.34;29;881.57;5;7;10
288;3.35;29;881.55;5;7;10
288;3.36;29;881.56;5;7;10
287;3.37;29;881.60;3;6;10
287;3.37;29;881.61;3;6;10
288;3.38;28;881.55;3;7;11
288;3.38;28;881.56;3;7;11
287;3.38;28;881.57;3;7;12
288;3.39;28;881.52;3;7;12
288;3.39;28;881.53;3;6;8
288;3.39;28;881.55;3;6;8
288;3.40;28;881.50;3;6;10
288;3.40;28;881.53;3;6;10
293;3.40;28;880.98;3;7;11
300;3.40;28;880.26;3;7;11
309;3.41;28;879.31;5;7;10
316;3.41;28;878.49;5;7;10
327;3.42;28;877.32;3;7;10
335;3.43;28;876.49;3;7;10
348;3.45;28;875.15;3;8;10
357;3.46;28;874.15;3;8;10
370;3.47;28;872.78;3;6;7
378;3.47;28;871.87;3;6;7
384;3.48;28;871.22;2;6;6
384;3.48;28;871.26;2;6;6
384;3.48;28;871.29;2;5;5
384;3.48;28;871.30;2;5;5
383;3.49;28;871.38;2;5;5
383;3.48;28;871.38;2;5;5
382;3.49;28;871.43;2;6;6
383;3.48;28;871.37;2;6;6
383;3.49;28;871.41;3;6;8
383;3.48;28;871.42;3;6;8
382;3.48;28;871.44;3;6;8
382;3.48;28;871.46;3;6;8
382;3.48;28;871.46;3;5;8
382;3.47;28;871.46;3;5;8
382;3.46;28;871.43;3;5;7
382;3.47;28;871.45;3;5;7
382;3.46;28;871.43;3;5;7
382;3.46;28;871.44;3;5;7
382;3.45;28;871.46;3;5;6
382;3.46;28;871.44;3;5;6
382;3.46;28;871.47;3;5;6
382;3.45;28;871.51;3;5;6
381;3.45;28;871.57;2;5;6
381;3.45;28;871.55;2;5;6
382;3.45;28;871.53;3;5;6
381;3.45;28;871.53;3;5;6
382;3.44;28;871.45;2;5;6
382;3.44;28;871.50;2;5;6
382;3.43;28;871.53;2;3;6
382;3.43;28;871.49;2;3;6
382;3.42;28;871.45;2;3;5
382;3.41;28;871.46;2;3;5
382;3.41;28;871.46;2;3;5
382;3.41;28;871.46;2;3;5
382;3.41;28;871.52;2;2;6
382;3.40;28;871.50;2;2;6
382;3.40;28;871.43;2;3;6
382;3.41;28;871.48;2;3;6
382;3.41;28;871.45;3;5;6
382;3.41;28;871.43;3;5;6
382;3.40;28;871.46;3;5;8
382;3.40;28;871.46;3;5;8
382;3.40;28;871.44;2;3;7
382;3.39;28;871.47;2;3;7
383;3.40;28;871.42;3;5;6
382;3.40;28;871.47;3;5;6
387;3.40;28;870.94;2;3;6
391;3.39;28;870.50;2;3;6
399;3.39;28;869.69;2;3;6
406;3.39;28;868.93;2;3;6
419;3.39;28;867.53;2;3;3
429;3.38;28;866.49;2;3;3
442;3.38;28;865.09;2;3;6
451;3.36;28;864.14;2;3;6
466;3.36;28;862.54;1;3;7
474;3.34;28;861.74;1;3;7
476;3.33;27;861.58;1;2;6
475;3.33;27;861.65;1;2;6
475;3.32;27;861.66;1;1;5
474;3.30;27;861.69;1;1;5
474;3.28;27;861.74;1;1;5
474;3.27;27;861.72;1;1;5
473;3.26;27;861.80;0;0;2
473;3.25;27;861.84;0;0;2
473;3.24;27;861.82;0;0;0
473;3.23;27;861.82;0;0;0
473;3.21;27;861.84;0;0;2
473;3.20;27;861.86;0;0;2
473;3.20;27;861.88;1;1;3
473;3.20;27;861.89;1;1;3
472;3.19;27;861.92;1;1;3
472;3.19;27;861.91;1;1;3
473;3.18;27;861.89;1;1;5
472;3.18;27;861.95;1;1;5
473;3.17;27;861.93;1;2;6
473;3.17;27;861.89;1;2;6
472;3.16;27;861.91;1;3;5
473;3.15;28;861.88;1;3;5
472;3.14;28;861.92;1;2;5
472;3.14;28;861.94;1;2;5
472;3.13;28;861.94;1;3;5
472;3.12;28;861.93;1;3;5
472;3.12;28;861.93;2;2;6
472;3.12;28;861.93;2;2;6
473;3.10;28;861.90;1;2;5
473;3.11;28;861.89;1;2;5
473;3.10;28;861.88;1;2;5
473;3.10;28;861.89;1;2;5
473;3.09;28;861.90;1;3;3
472;3.09;28;861.91;1;3;3
473;3.08;28;861.88;1;3;6
472;3.08;28;861.91;1;3;6
472;3.07;28;861.92;1;5;6
472;3.07;28;861.93;1;5;6
472;3.06;28;861.97;2;5;6
472;3.06;28;861.93;2;5;6
472;3.05;28;861.92;1;5;7
473;3.05;28;861.89;1;5;7
473;3.04;28;861.88;1;3;6
472;3.04;28;861.92;1;3;6
472;3.03;28;861.90;1;3;3
473;3.03;28;861.83;1;3;3
473;3.01;28;861.87;1;1;2
473;3.01;28;861.89;1;1;2
473;3.00;28;861.89;1;1;3
473;3.00;28;861.85;1;1;3
472;2.99;28;861.91;1;1;2
472;2.98;28;861.92;1;1;2
472;2.98;28;861.96;1;1;3
473;2.98;28;861.87;1;1;3
469;2.98;28;862.26;1;2;3
461;2.97;28;863.06;1;2;3
452;2.98;28;864.03;2;2;5
445;2.98;28;864.83;2;2;5
435;2.99;28;865.85;2;3;5
428;2.98;29;866.56;2;3;5
418;2.98;29;867.64;2;3;5
410;2.98;28;868.46;2;3;5
397;2.99;29;869.88;2;3;6
391;2.99;29;870.57;2;3;6
383;2.99;29;871.38;2;3;6
375;3.00;28;872.17;2;3;6
365;3.00;28;873.29;2;3;5
358;3.00;28;874.05;2;3;5
346;3.01;28;875.21;2;3;6
339;3.01;28;876.01;2;3;6
329;3.01;28;877.14;2;3;6
322;3.01;28;877.88;2;3;6
311;3.01;28;879.05;2;3;6
304;3.01;28;879.82;2;3;6
296;3.01;28;880.61;2;5;10
291;3.02;28;881.20;2;5;10
280;3.03;28;882.34;2;5;10
274;3.04;28;883.03;2;5;10
264;3.06;28;884.09;3;6;10
258;3.05;29;884.73;3;6;10
245;3.03;29;886.15;5;7;11
241;3.01;29;886.61;5;7;11
230;2.98;30;887.79;8;13;20
223;2.96;31;888.47;12;17;20
215;2.93;31;889.38;24;39;50
206;2.92;32;890.36;26;43;55
199;2.90;32;891.10;32;53;70
192;2.88;32;891.90;34;54;74
186;2.85;33;892.56;35;55;78
177;2.83;34;893.47;35;55;78
170;2.83;34;894.25;40;64;93
163;2.80;35;894.99;43;68;97
155;2.78;36;895.84;55;98;132
149;2.78;37;896.57;60;105;142
142;2.76;39;897.33;76;135;186
135;2.75;40;898.08;76;135;186
125;2.72;41;899.13;84;153;213
118;2.71;42;899.81;84;153;213
112;2.69;42;900.60;99;176;259
105;2.68;43;901.32;102;180;263
97;2.65;44;902.17;116;206;306
91;2.63;44;902.91;120;215;309
82;2.60;45;903.83;130;239;335
75;2.57;45;904.58;130;239;336
65;2.53;46;905.75;134;246;352
57;2.47;46;906.54;134;246;352
48;2.41;46;907.60;130;244;334
42;2.35;45;908.28;130;244;334
30;2.32;45;909.54;127;234;320
22;2.27;44;910.47;127;234;320
19;2.15;43;910.78;119;214;287
13;2.10;43;911.40;118;213;287
7;2.07;42;912.06;114;196;252
7;2.03;42;912.13;114;196;252
2;1.84;42;912.61;111;191;239
2;1.71;43;912.69;111;191;239
-1;1.58;43;912.99;110;187;239
-1;1.61;43;913.00;110;187;239
-1;1.61;44;913.01;110;186;233
-1;1.57;44;913.00;110;186;233
-1;1.56;44;913.01;113;189;249
-1;1.55;44;912.95;113;189;249
-1;1.51;44;913.00;116;196;268
-1;1.49;44;912.97;116;196;268
-1;1.47;44;912.98;116;195;274
-1;1.45;44;912.98;116;195;274
-1;1.45;44;913.02;116;194;278
-1;1.43;44;913.00;116;194;278
-1;1.40;44;912.99;117;198;285
-2;1.37;45;913.04;117;198;285
-1;1.34;45;913.02;119;197;278
-2;1.33;45;913.03;119;197;278
-2;1.27;45;913.05;118;194;276
-1;1.23;45;913.02;118;194;276
-1;1.24;45;912.95;120;198;277
-2;1.20;45;913.04;118;196;274
-2;1.20;45;913.04;119;200;281
-2;1.16;45;913.04;117;201;288
-1;1.17;45;913.01;120;201;292
-1;1.16;45;913.00;120;201;292
-1;1.20;45;913.01;121;206;301
-2;1.25;45;913.05;121;206;301
-2;1.27;45;913.07;121;206;301
-2;1.30;45;913.03;119;198;295
-2;1.33;45;913.03;119;199;296
-1;1.43;46;912.99;114;195;280
-1;1.46;46;913.02;112;198;282
-1;1.55;46;913.00;111;202;286
-1;1.58;46;912.99;111;201;274
-1;1.60;46;913.02;116;206;288
-1;1.62;46;913.01;119;206;283
-1;1.62;46;913.01;118;203;279
-2;1.63;46;913.03;120;208;283
-1;1.56;45;913.01;120;205;276
-2;1.54;45;913.03;120;204;276
-1;1.51;45;913.00;114;195;262
-1;1.63;46;913.02;114;194;261
-1;1.71;46;912.98;117;202;264
-1;1.79;46;912.97;117;202;271
