Altitude_m;Temperature_degC;Humidity_%;Pressure_hPa;PM1_ug/m3;PM2.5_ug/m3;PM10_ug/m3
0;8.46;48;941.65;35;47;56
1;8.50;48;941.61;57;89;104
1;8.52;48;941.61;59;94;108
1;8.54;47;941.64;60;98;110
1;8.55;47;941.62;60;96;109
1;8.56;47;941.61;59;96;108
1;8.56;48;941.58;59;94;107
1;8.57;47;941.63;56;91;109
1;8.57;47;941.63;57;95;113
0;8.59;47;941.65;57;96;117
1;8.60;48;941.61;58;97;125
1;8.62;48;941.59;65;102;129
0;8.65;48;941.68;62;97;129
1;8.67;48;941.62;65;99;131
1;8.69;48;941.59;65;99;131
1;8.69;47;941.58;64;101;136
1;8.74;47;941.60;64;102;137
1;8.85;47;941.56;67;104;136
1;8.81;47;941.55;67;104;136
1;8.85;47;941.55;69;110;144
2;8.83;47;941.51;67;113;152
1;8.84;46;941.56;66;116;160
1;8.80;46;941.53;66;116;166
1;8.79;46;941.60;63;113;158
1;8.78;46;941.61;63;113;158
1;8.77;46;941.57;63;110;148
1;8.75;46;941.55;62;110;142
0;8.73;46;941.65;64;109;129
1;8.70;46;941.57;64;108;131
1;8.68;46;941.55;66;109;137
1;8.53;46;941.57;63;103;133
1;8.42;47;941.59;67;105;131
1;8.28;47;941.59;67;105;131
1;8.12;47;941.62;67;106;132
1;8.14;47;941.61;67;106;132
1;8.13;47;941.57;67;108;133
1;8.11;47;941.59;68;108;131
1;8.08;47;941.61;63;103;136
1;8.04;47;941.62;63;102;138
0;8.04;47;941.65;63;101;138
0;7.98;48;941.66;63;101;138
0;7.96;48;941.70;63;103;142
0;7.94;48;941.73;62;105;138
1;7.90;48;941.64;65;115;145
0;7.90;48;941.71;64;112;142
0;7.89;48;941.68;60;108;138
0;7.88;48;941.72;60;108;138
0;7.87;47;941.75;60;105;131
0;7.86;47;941.75;60;105;131
0;7.85;47;941.74;57;98;125
0;7.85;47;941.74;57;98;130
0;7.83;48;941.73;61;99;132
-1;7.83;48;941.76;62;99;136
0;7.82;48;941.75;65;104;144
0;7.81;48;941.74;65;104;144
-1;7.79;48;941.77;65;101;133
-1;7.78;48;941.77;65;101;133
0;7.76;48;941.73;64;104;133
0;7.75;48;941.72;63;100;127
-1;7.74;48;941.78;63;98;131
-1;7.71;48;941.78;63;98;131
-3;7.58;48;942.06;55;85;113
-1;7.56;48;941.87;54;82;109
-1;7.48;48;941.82;44;67;91
0;7.43;48;941.66;43;64;86
3;7.31;49;941.42;38;57;80
3;7.23;49;941.37;38;57;81
4;7.13;49;941.21;39;61;91
7;7.02;49;940.88;39;61;91
13;6.87;49;940.25;40;61;92
17;6.84;50;939.81;40;61;92
19;6.82;50;939.51;38;59;89
23;6.69;50;939.08;37;58;86
25;6.61;50;938.90;41;64;93
26;6.55;50;938.75;41;64;91
31;6.46;50;938.19;39;64;90
30;6.40;51;938.36;42;72;95
33;6.34;51;938.01;42;69;95
36;6.26;51;937.61;41;65;91
40;6.19;51;937.17;41;64;89
43;6.15;51;936.89;41;64;92
44;6.10;52;936.72;41;64;92
46;5.98;52;936.56;41;63;91
47;5.99;52;936.41;40;62;88
49;5.98;52;936.21;39;60;86
48;5.94;52;936.27;39;60;86
48;5.86;52;936.30;42;64;89
48;5.79;52;936.30;43;66;96
47;5.73;52;936.35;44;70;98
47;5.67;52;936.37;44;73;100
48;5.61;52;936.33;44;70;97
48;5.57;52;936.30;43;70;95
48;5.52;52;936.30;43;67;96
48;5.44;53;936.24;43;67;96
48;5.39;53;936.30;43;67;97
48;5.34;53;936.25;43;67;98
47;5.25;53;936.35;43;69;98
48;5.21;53;936.26;44;69;98
48;5.16;53;936.29;42;68;95
48;5.13;54;936.27;43;67;94
48;5.07;54;936.31;43;70;97
48;5.03;54;936.32;43;69;95
47;4.97;54;936.35;44;72;96
48;4.94;54;936.27;44;73;98
48;4.90;54;936.29;44;70;99
48;4.85;54;936.28;44;71;99
48;4.82;54;936.24;44;72;101
49;4.79;55;936.21;46;73;101
49;4.77;55;936.22;46;75;100
47;4.72;55;936.35;44;74;98
48;4.69;55;936.32;44;73;101
47;4.67;55;936.38;44;73;102
46;4.64;55;936.49;42;66;96
47;4.64;55;936.40;42;66;96
48;4.63;56;936.28;43;66;96
47;4.61;56;936.42;43;66;93
48;4.61;56;936.29;43;68;99
50;4.58;56;936.08;45;70;101
54;4.56;56;935.59;50;80;111
57;4.56;56;935.24;50;80;111
60;4.45;56;934.98;47;75;104
62;4.41;56;934.67;45;73;101
67;4.33;56;934.18;41;64;90
71;4.27;56;933.68;40;61;87
76;4.26;56;933.14;40;64;93
81;4.23;56;932.59;40;63;90
86;4.20;56;932.03;39;63;93
90;4.24;56;931.61;39;62;89
91;4.21;56;931.42;36;57;82
93;4.21;56;931.23;35;57;81
93;4.21;56;931.26;36;57;81
93;4.21;56;931.26;36;58;86
93;4.21;56;931.27;39;62;91
92;4.22;56;931.32;41;65;96
92;4.23;56;931.36;43;66;95
92;4.19;56;931.38;43;66;92
91;4.16;56;931.42;44;68;93
91;4.13;56;931.47;44;68;93
92;4.10;56;931.36;44;68;94
92;4.07;57;931.35;43;66;93
92;4.04;57;931.38;43;68;94
92;4.01;57;931.37;41;66;95
92;4.00;57;931.33;40;65;98
91;3.97;57;931.40;40;68;98
91;3.94;57;931.39;40;65;94
91;3.92;57;931.45;40;66;94
91;3.90;57;931.43;40;67;91
91;3.88;57;931.39;42;67;88
91;3.85;57;931.49;40;68;91
91;3.85;57;931.45;40;66;91
91;3.81;58;931.42;40;65;90
91;3.81;58;931.47;40;65;91
91;3.77;58;931.46;41;65;90
90;3.77;58;931.61;41;65;91
91;3.76;58;931.46;42;65;94
91;3.75;58;931.47;42;65;94
91;3.75;58;931.46;43;66;92
91;3.76;58;931.43;43;66;93
96;3.77;58;930.83;42;64;93
103;3.74;58;930.12;38;59;87
111;3.71;58;929.17;34;54;78
120;3.68;58;928.24;29;47;65
127;3.67;58;927.46;29;47;65
138;3.60;58;926.14;26;44;56
143;3.59;58;925.65;26;44;56
144;3.61;58;925.50;32;48;67
143;3.63;58;925.67;30;48;65
141;3.61;58;925.82;37;58;81
141;3.60;58;925.84;38;62;89
140;3.58;58;925.92;39;63;90
140;3.57;58;926.01;39;62;90
140;3.57;58;925.94;39;63;93
141;3.55;58;925.83;37;62;92
141;3.56;58;925.82;38;61;85
142;3.54;58;925.77;36;58;82
141;3.51;59;925.87;33;52;67
142;3.49;59;925.73;32;51;68
140;3.49;59;925.96;31;52;72
140;3.49;59;925.99;32;52;74
139;3.45;59;926.06;36;55;82
140;3.43;59;926.01;37;57;83
140;3.41;59;925.94;42;64;84
139;3.40;59;926.10;42;64;84
141;3.39;59;925.85;40;63;83
139;3.37;59;926.06;40;63;83
139;3.35;59;926.07;41;63;83
139;3.34;59;926.02;41;63;83
141;3.31;59;925.83;42;62;84
144;3.27;59;925.47;40;62;81
149;3.25;59;924.96;42;63;84
154;3.17;59;924.39;40;62;82
161;3.12;60;923.59;38;61;84
167;3.06;60;922.98;36;59;84
175;3.05;60;922.03;31;50;76
181;3.05;60;921.41;31;51;78
186;3.08;60;920.80;38;57;85
188;3.09;60;920.61;38;55;82
189;3.08;60;920.49;42;61;86
186;3.07;60;920.79;41;61;84
186;3.06;60;920.82;41;61;82
185;3.05;60;920.90;41;61;82
187;3.05;60;920.75;38;58;78
186;3.05;60;920.84;38;58;78
186;3.03;60;920.78;38;58;78
187;3.02;60;920.73;38;57;78
187;3.00;60;920.75;31;53;72
187;2.99;60;920.74;31;52;72
187;3.00;60;920.71;28;48;67
188;3.00;60;920.63;28;45;61
187;2.97;60;920.68;30;45;60
187;2.96;60;920.70;30;46;59
186;2.92;60;920.79;31;50;63
188;2.89;60;920.61;31;48;59
186;2.87;61;920.79;33;51;66
187;2.83;61;920.67;33;52;69
188;2.81;61;920.65;34;52;72
187;2.78;61;920.73;34;52;73
186;2.76;61;920.79;38;59;84
186;2.73;61;920.83;38;59;84
186;2.70;61;920.81;41;65;90
186;2.70;61;920.86;43;68;95
186;2.67;61;920.86;45;73;107
188;2.65;61;920.66;47;75;105
196;2.61;61;919.68;44;75;107
205;2.60;61;918.78;44;74;107
215;2.58;61;917.60;42;70;103
223;2.55;62;916.70;42;67;101
234;2.54;62;915.50;32;56;84
237;2.53;62;915.18;32;54;81
239;2.51;62;915.04;32;54;77
238;2.48;62;915.06;33;55;76
238;2.45;62;915.07;39;65;90
237;2.45;62;915.14;39;65;90
237;2.43;62;915.19;41;65;89
236;2.42;62;915.26;39;63;87
237;2.42;62;915.22;35;56;82
237;2.41;62;915.15;34;53;75
237;2.39;62;915.22;33;54;74
238;2.36;62;915.12;33;54;74
236;2.34;62;915.34;36;59;76
237;2.33;62;915.19;36;59;76
238;2.33;62;915.08;37;59;78
238;2.33;62;915.11;35;56;74
237;2.35;62;915.19;28;46;58
237;2.33;62;915.14;29;47;61
237;2.33;62;915.13;29;45;64
238;2.31;62;915.09;27;42;62
238;2.30;62;915.12;27;41;59
238;2.29;62;915.09;28;42;62
237;2.28;62;915.21;30;47;67
236;2.28;62;915.29;27;42;59
236;2.28;62;915.27;25;45;59
247;2.24;62;914.10;31;51;69
269;2.24;62;911.86;31;48;66
290;2.19;62;909.39;31;48;65
292;2.18;62;909.10;31;50;68
290;2.14;62;909.29;32;51;71
290;2.12;63;909.37;34;51;71
289;2.09;63;909.44;35;53;71
288;2.07;63;909.52;34;51;70
285;2.06;63;909.85;35;53;68
286;2.04;63;909.73;35;53;70
285;2.03;63;909.84;33;51;76
285;2.03;63;909.88;34;52;77
285;2.00;63;909.92;33;54;77
285;1.98;63;909.88;31;53;76
286;1.96;63;909.74;31;53;70
285;1.94;63;909.85;31;52;71
286;1.92;63;909.72;33;55;76
286;1.95;63;909.78;33;56;81
286;1.96;63;909.75;33;51;74
286;1.97;63;909.74;33;53;73
286;1.95;63;909.72;33;51;71
287;1.93;63;909.71;33;51;70
287;1.92;63;909.69;31;50;71
287;1.91;63;909.68;31;50;69
288;1.91;63;909.51;33;50;67
292;1.91;63;909.10;33;51;64
297;1.89;63;908.60;31;50;65
300;1.84;63;908.21;31;49;66
306;1.79;64;907.58;31;48;64
310;1.77;64;907.18;31;49;67
314;1.74;64;906.73;34;54;74
318;1.72;64;906.28;34;54;79
323;1.69;64;905.72;38;57;83
327;1.66;64;905.31;37;56;82
330;1.65;64;904.91;37;55;79
330;1.66;64;904.97;37;56;76
330;1.61;64;904.94;37;56;76
329;1.63;64;905.05;37;56;76
329;1.57;64;905.07;37;56;78
329;1.55;64;905.02;37;56;78
330;1.54;64;904.93;40;63;88
329;1.53;64;904.96;40;65;90
329;1.49;65;905.10;40;65;92
329;1.46;65;905.04;40;63;92
329;1.45;65;905.06;37;62;90
328;1.43;65;905.11;37;62;90
329;1.43;65;905.07;39;62;93
329;1.45;65;905.09;39;62;93
329;1.43;65;905.09;41;62;92
328;1.44;65;905.14;41;62;92
329;1.42;65;905.02;39;62;92
329;1.39;65;905.06;40;62;92
333;1.36;65;904.62;40;65;93
339;1.33;65;903.95;40;65;97
348;1.30;65;903.01;39;64;92
355;1.29;65;902.19;38;61;84
364;1.26;65;901.27;35;52;71
372;1.23;65;900.31;33;51;70
381;1.22;65;899.41;33;48;66
380;1.20;65;899.51;33;49;69
379;1.19;66;899.57;36;55;76
379;1.17;66;899.61;36;55;76
378;1.15;66;899.64;41;63;91
378;1.14;66;899.68;41;65;91
377;1.10;66;899.78;42;70;97
378;1.09;66;899.70;45;73;103
379;1.06;66;899.61;48;78;107
378;1.04;66;899.73;48;78;107
378;1.02;66;899.73;47;75;106
378;1.00;66;899.68;45;73;103
378;0.98;66;899.73;41;69;98
377;0.97;66;899.75;41;66;94
378;0.96;66;899.73;41;64;89
378;0.93;66;899.67;44;67;92
377;0.93;66;899.84;42;67;88
378;0.92;67;899.73;42;67;88
378;0.90;67;899.69;44;69;91
378;0.88;67;899.68;44;69;91
377;0.88;67;899.75;41;64;85
378;0.90;67;899.73;38;60;81
378;0.90;67;899.66;33;53;73
377;0.89;67;899.77;32;49;69
377;0.89;67;899.75;30;47;67
379;0.89;67;899.63;29;47;66
377;0.89;67;899.79;29;47;64
380;0.88;67;899.45;29;48;69
387;0.85;67;898.75;30;48;69
396;0.82;67;897.74;30;48;69
410;0.79;67;896.20;32;50;69
419;0.77;67;895.18;32;50;69
431;0.75;67;893.95;34;51;66
427;0.76;67;894.32;31;48;66
428;0.79;67;894.27;31;47;66
428;0.76;67;894.30;31;47;69
427;0.73;67;894.34;32;49;71
425;0.73;67;894.54;35;52;73
426;0.75;67;894.50;37;55;72
426;0.74;67;894.48;38;56;72
426;0.70;67;894.44;41;65;92
425;0.69;67;894.54;41;66;93
427;0.67;67;894.40;41;68;102
426;0.66;67;894.42;43;71;107
426;0.63;67;894.45;41;68;98
426;0.61;67;894.42;41;66;98
427;0.59;68;894.39;40;63;89
427;0.57;68;894.37;40;65;92
427;0.56;68;894.39;40;62;89
426;0.55;68;894.44;40;64;89
428;0.54;68;894.30;38;62;89
432;0.54;68;893.80;37;62;90
436;0.51;68;893.37;32;58;80
441;0.49;68;892.89;32;56;80
446;0.47;68;892.25;34;56;82
452;0.45;68;891.62;34;56;82
458;0.42;68;890.96;36;60;85
463;0.41;68;890.41;35;59;85
469;0.39;68;889.85;39;61;87
469;0.41;68;889.79;39;61;85
469;0.40;68;889.85;42;63;90
468;0.38;68;889.87;42;64;93
468;0.38;68;889.90;46;70;100
468;0.36;68;889.88;46;70;103
468;0.35;68;889.92;46;72;105
468;0.32;68;889.90;45;72;105
468;0.32;68;889.92;45;69;97
467;0.32;68;889.98;43;69;94
467;0.32;68;889.97;43;67;91
468;0.31;68;889.94;43;67;91
468;0.30;68;889.90;42;66;91
468;0.26;68;889.91;42;66;91
468;0.24;68;889.92;40;64;94
468;0.23;68;889.90;42;64;94
468;0.22;68;889.88;42;63;94
468;0.21;68;889.89;42;64;93
468;0.18;68;889.88;42;63;90
469;0.17;68;889.82;42;63;90
468;0.16;68;889.87;42;63;87
469;0.14;69;889.83;42;64;93
469;0.12;69;889.79;40;61;87
468;0.10;69;889.89;42;63;87
469;0.08;69;889.86;42;64;93
469;0.08;69;889.78;40;61;85
461;0.09;69;890.69;40;64;88
454;0.12;69;891.43;40;64;88
447;0.13;69;892.23;42;66;96
440;0.17;69;892.92;42;66;97
432;0.17;69;893.80;46;75;109
424;0.19;69;894.71;48;76;111
416;0.22;69;895.60;52;88;124
407;0.24;69;896.49;54;90;129
399;0.27;69;897.41;54;88;121
391;0.29;69;898.29;53;87;120
379;0.31;69;899.57;55;88;119
371;0.33;69;900.46;55;88;119
359;0.37;69;901.75;55;84;117
350;0.37;69;902.72;55;84;117
339;0.40;69;903.97;52;83;115
332;0.39;69;904.77;52;80;110
325;0.42;69;905.54;45;74;102
317;0.43;70;906.34;45;72;99
310;0.46;70;907.13;41;65;87
305;0.48;70;907.63;39;64;86
298;0.50;70;908.42;43;67;93
292;0.52;70;909.13;43;67;93
282;0.56;70;910.21;45;70;99
275;0.59;70;911.01;45;71;104
267;0.63;70;911.92;51;83;114
259;0.65;70;912.70;51;83;113
250;0.68;70;913.70;50;88;119
244;0.71;70;914.44;50;88;114
236;0.74;70;915.31;51;93;125
229;0.76;69;916.08;51;92;124
218;0.80;69;917.25;51;89;121
211;0.82;69;918.02;51;89;121
204;0.85;69;918.85;55;96;127
197;0.88;69;919.64;55;96;127
188;0.91;69;920.59;60;99;125
181;0.95;69;921.43;59;96;120
173;0.97;69;922.30;52;87;113
166;1.00;69;923.06;53;90;117
159;1.03;69;923.85;50;82;111
152;1.06;69;924.68;49;79;112
144;1.08;69;925.46;49;79;114
138;1.11;69;926.19;49;79;114
129;1.16;69;927.24;52;81;112
121;1.18;69;928.05;53;84;115
113;1.21;69;928.95;53;92;126
106;1.25;69;929.77;53;93;125
96;1.27;69;930.92;51;90;116
90;1.31;69;931.57;50;88;114
84;1.36;69;932.22;50;86;110
77;1.39;69;933.02;50;86;110
70;1.43;69;933.78;50;80;107
63;1.48;69;934.55;50;80;107
56;1.52;69;935.38;48;76;103
49;1.56;69;936.16;48;76;104
43;1.61;69;936.86;48;77;106
35;1.65;69;937.70;47;75;105
30;1.71;69;938.29;47;75;105
23;1.74;69;939.15;45;75;103
15;1.79;69;939.96;48;77;102
9;1.82;68;940.65;48;78;102
5;1.86;68;941.17;50;83;105
3;1.90;68;941.33;50;81;107
-1;1.93;68;941.79;49;84;108
-4;1.96;68;942.14;48;82;109
-2;2.02;68;941.97;46;79;109
-2;2.05;68;941.98;48;83;111
-2;2.07;68;941.97;48;83;110
-2;2.11;68;941.94;48;83;110
-2;2.14;68;941.95;54;92;122
-3;2.17;68;941.99;52;92;124
-2;2.20;68;941.94;54;86;118
-2;2.22;68;941.89;53;85;118
-2;2.25;68;941.98;53;87;119
-3;2.28;68;942.00;53;87;119
-3;2.32;68;942.04;49;83;110
-3;2.34;68;942.03;51;87;112
-3;2.38;68;942.03;52;87;112
-3;2.40;67;942.01;52;85;109
-3;2.43;67;942.02;51;81;110
-3;2.46;67;942.02;51;81;110
-3;2.50;67;942.08;50;78;110
-3;2.51;67;942.04;50;78;110
-3;2.56;67;942.06;52;80;111
-3;2.60;67;942.05;52;80;111
-3;2.64;67;942.07;49;76;110
-4;2.68;67;942.12;49;77;111
-3;2.73;67;942.05;46;74;108
-3;2.75;67;942.05;45;74;107
-3;2.78;67;942.03;44;76;113
-3;2.83;67;942.04;43;76;111
-3;2.87;67;942.01;45;76;109
-3;2.92;67;942.04;47;77;109
-3;2.98;67;942.04;47;73;106
-3;3.03;67;942.04;48;75;104
-3;3.10;67;942.07;48;77;107
-3;3.16;67;942.02;48;76;107
-3;3.21;67;942.07;49;80;108
