Altitude_m;Temperature_degC;Humidity_%;Pressure_hPa;PM1_ug/m3;PM2.5_ug/m3;PM10_ug/m3
0;17.84;24;945.11;91;146;210
0;17.71;23;945.07;124;211;264
0;17.66;24;945.12;127;218;266
0;17.59;23;945.13;127;223;270
0;17.49;23;945.14;125;222;270
0;17.40;23;945.12;123;215;260
0;17.31;22;945.10;122;213;260
-1;17.17;25;945.17;120;212;258
0;17.05;26;945.13;122;212;261
0;16.80;24;945.11;121;210;261
0;16.50;24;945.14;121;210;259
0;16.45;23;945.13;129;216;270
0;16.39;23;945.11;130;218;271
0;16.34;23;945.14;131;228;275
0;16.28;23;945.15;132;227;275
-1;16.20;23;945.17;131;225;281
-1;16.10;23;945.18;128;220;274
0;16.00;23;945.14;129;218;270
0;15.92;23;945.13;127;218;268
0;15.80;23;945.14;128;214;265
0;15.71;23;945.09;128;211;259
0;15.59;23;945.10;125;206;257
0;15.51;23;945.11;124;201;247
0;15.38;23;945.15;126;203;251
0;15.29;23;945.11;123;204;243
0;15.17;24;945.09;124;203;246
0;15.08;24;945.11;122;202;248
0;14.96;24;945.09;121;201;246
0;14.87;24;945.10;123;203;248
0;14.74;24;945.08;123;203;252
1;14.67;24;945.03;125;206;259
0;14.55;24;945.05;125;204;259
1;14.46;24;945.02;126;205;260
1;14.33;24;944.96;127;205;259
1;14.24;24;944.96;126;205;261
1;14.11;24;944.94;127;204;251
1;14.01;24;944.95;127;205;252
1;13.87;24;944.93;127;207;254
2;13.77;24;944.89;127;205;259
2;13.64;24;944.90;124;203;253
2;13.55;24;944.89;123;201;246
2;13.39;25;944.90;122;203;246
2;13.27;25;944.86;122;202;246
2;13.14;25;944.86;120;198;241
2;13.03;25;944.89;120;195;239
2;12.92;25;944.89;122;198;246
2;12.81;25;944.83;121;196;245
2;12.71;25;944.89;120;202;247
2;12.61;25;944.86;120;202;245
2;12.50;26;944.87;117;205;241
2;12.40;26;944.87;118;207;244
2;12.26;26;944.86;118;206;239
2;12.16;26;944.86;118;202;236
2;12.02;26;944.84;120;204;239
3;11.93;26;944.84;118;204;241
2;11.78;26;944.82;118;202;246
3;11.68;26;944.80;120;204;249
3;11.55;26;944.78;120;205;251
3;11.47;27;944.80;120;203;250
3;11.34;27;944.81;118;201;246
3;11.25;27;944.80;118;198;242
3;11.14;27;944.77;120;203;252
3;11.06;27;944.76;118;203;251
3;10.96;27;944.74;118;201;244
3;10.88;28;944.71;120;203;248
3;10.80;28;944.73;120;205;242
3;10.72;28;944.73;123;207;248
3;10.65;28;944.75;122;209;257
3;10.57;28;944.77;120;209;253
3;10.49;29;944.74;120;206;248
3;10.43;29;944.74;122;211;260
3;10.37;29;944.75;118;207;258
3;10.33;29;944.73;116;207;255
3;10.30;30;944.74;117;196;241
3;10.22;30;944.71;115;192;233
3;10.18;30;944.78;113;190;228
3;10.14;30;944.79;116;192;230
3;10.07;30;944.79;119;196;236
2;10.02;30;944.82;121;196;236
2;9.95;30;944.83;122;200;240
2;9.90;29;944.82;124;204;248
3;9.82;29;944.81;124;205;248
2;9.77;29;944.82;126;211;254
2;9.69;29;944.82;126;213;256
3;9.68;29;944.78;124;211;257
3;9.63;30;944.79;126;211;255
3;9.49;30;944.77;121;208;251
2;9.45;30;944.83;126;217;262
3;9.45;30;944.80;127;217;265
3;9.42;30;944.78;132;224;273
3;9.41;30;944.80;134;227;277
2;9.35;30;944.82;138;230;289
2;9.34;30;944.82;135;231;294
3;9.33;30;944.82;136;232;294
3;9.32;30;944.81;136;232;294
2;9.30;30;944.83;138;230;293
2;9.33;30;944.83;138;230;293
2;9.34;30;944.83;134;228;286
2;9.34;30;944.85;135;229;288
2;9.33;30;944.86;133;229;289
2;9.31;30;944.86;133;229;289
2;9.30;30;944.85;133;226;279
2;9.28;30;944.82;133;226;279
2;9.29;30;944.90;132;224;277
2;9.31;30;944.92;131;218;272
1;9.30;30;944.94;131;214;255
2;9.28;30;944.91;129;213;254
1;9.27;30;944.95;126;204;247
2;9.27;30;944.92;129;208;253
2;9.26;31;944.92;127;210;254
1;9.26;31;944.93;127;210;254
2;9.24;31;944.89;126;216;261
1;9.24;31;944.95;126;216;261
1;9.24;31;944.96;125;216;266
1;9.22;31;944.93;127;220;274
2;9.21;31;944.92;129;219;272
1;9.22;32;944.96;129;216;270
1;9.20;32;944.94;124;215;267
1;9.21;33;944.96;124;215;267
1;9.21;33;944.96;123;213;264
1;9.19;33;944.95;123;215;262
1;9.17;34;944.96;124;222;278
1;9.16;34;944.96;128;225;278
1;9.15;35;944.97;128;229;292
1;9.14;34;944.98;128;229;292
1;9.11;35;944.94;129;225;285
1;9.12;36;944.96;130;227;287
1;9.10;37;945.01;133;219;280
1;9.10;37;944.98;132;217;273
1;9.10;37;944.97;125;209;257
1;9.13;37;945.00;125;208;256
-1;9.14;37;945.19;119;207;257
0;9.14;37;945.11;119;207;257
1;9.13;37;944.99;120;204;258
1;9.13;36;945.00;120;204;258
1;9.11;36;945.01;116;199;259
0;9.10;35;945.05;116;199;259
1;9.09;35;945.03;116;198;268
1;9.08;35;945.02;114;195;264
-1;9.08;34;945.20;113;190;259
0;9.07;34;945.13;113;190;259
-1;9.04;34;945.17;110;191;261
0;9.04;34;945.14;110;191;261
0;8.97;34;945.09;110;186;262
0;8.93;34;945.12;110;186;262
0;8.90;33;945.11;110;183;253
0;8.87;33;945.14;110;183;253
0;8.83;33;945.13;108;184;246
0;8.80;33;945.09;108;184;246
-1;8.78;33;945.25;107;184;246
-1;8.75;33;945.20;107;182;242
-2;8.72;33;945.28;102;177;234
0;8.67;33;945.07;102;180;238
0;8.65;33;945.12;99;176;234
0;8.61;33;945.10;101;176;234
-1;8.57;33;945.27;104;180;245
-1;8.55;32;945.21;103;179;244
-1;8.52;32;945.23;104;184;244
0;8.48;32;945.14;104;179;238
0;8.44;32;945.13;105;178;240
-1;8.41;32;945.16;104;177;240
-1;8.38;32;945.17;99;173;221
0;8.34;32;945.12;99;173;219
-1;8.31;32;945.20;94;162;202
0;8.27;32;945.15;94;162;202
0;8.23;32;945.12;90;159;196
0;8.19;32;945.13;91;159;197
0;8.15;32;945.10;93;163;210
-1;8.11;32;945.19;92;160;208
-1;8.00;32;945.19;101;177;239
-5;7.81;32;945.55;106;183;244
2;7.59;32;944.90;118;209;270
5;7.50;32;944.55;121;208;270
4;7.33;32;944.63;132;230;286
4;7.21;32;944.69;132;230;286
2;7.04;32;944.88;138;240;292
-1;6.80;33;945.22;139;241;293
-3;6.44;33;945.47;142;249;309
-3;6.28;33;945.60;144;248;314
-3;6.10;34;945.40;156;274;350
0;5.89;34;945.15;156;271;347
-2;5.73;34;945.27;153;267;341
-2;5.60;34;945.38;153;267;339
-1;5.46;35;945.24;152;266;332
-2;5.34;35;945.28;152;266;332
-3;5.17;35;945.42;149;263;329
-3;5.02;35;945.43;153;269;330
-2;4.87;35;945.34;154;264;326
-3;4.67;36;945.46;153;258;326
-7;4.44;36;945.75;158;264;332
-5;4.29;36;945.65;158;263;332
-5;4.15;37;945.69;158;267;330
-4;4.06;37;945.51;158;267;330
-3;3.89;37;945.41;157;269;337
-4;3.79;37;945.60;157;269;337
-4;3.65;38;945.60;160;278;344
-5;3.52;38;945.71;162;279;347
-6;3.40;38;945.73;156;275;358
-4;3.27;38;945.52;154;273;356
-5;3.15;39;945.61;158;276;358
-4;3.05;39;945.57;158;278;361
-3;2.91;39;945.45;158;284;363
-4;2.83;39;945.52;157;279;354
-4;2.73;40;945.55;160;291;372
-3;2.65;40;945.45;159;293;374
-3;2.55;40;945.39;160;285;382
-2;2.45;40;945.37;161;291;386
-3;2.37;40;945.42;164;293;391
-3;2.31;41;945.45;164;293;391
-5;2.21;41;945.62;164;288;378
-4;2.13;41;945.60;165;289;379
-4;1.97;41;945.53;166;284;366
-5;1.89;41;945.67;166;284;366
-5;1.79;42;945.65;162;277;363
-7;1.70;42;945.88;162;277;363
-6;1.55;42;945.76;165;281;379
-1;1.44;43;945.26;162;285;380
-1;1.45;43;945.26;151;263;378
-1;1.45;43;945.17;151;263;376
-1;1.46;43;945.22;149;251;350
0;1.46;43;945.10;149;251;350
0;1.45;43;945.08;153;264;368
0;1.44;43;945.14;152;262;366
0;1.43;43;945.13;151;267;367
0;1.40;43;945.12;150;263;362
-1;1.37;43;945.24;143;251;353
-2;1.31;43;945.38;139;245;348
-3;1.17;44;945.41;122;213;308
-2;1.11;44;945.34;122;214;307
-1;1.05;44;945.25;118;209;294
-1;1.00;44;945.23;118;209;294
-4;0.85;44;945.55;125;221;315
-3;0.74;45;945.47;125;222;316
-3;0.62;45;945.47;133;230;319
-2;0.50;45;945.29;133;230;319
1;0.42;46;944.99;141;243;357
7;0.33;46;944.36;141;243;357
11;0.25;46;943.82;128;215;322
17;0.17;46;943.13;124;205;317
22;0.24;46;942.64;110;185;276
28;0.25;46;941.94;110;184;257
34;0.24;46;941.22;129;230;306
40;0.23;46;940.55;130;231;307
46;0.22;46;939.94;150;263;349
51;0.20;46;939.35;152;267;360
57;0.16;46;938.62;159;273;389
62;0.14;46;938.07;154;265;373
67;0.11;46;937.46;153;269;377
73;0.09;46;936.85;153;269;377
79;0.06;46;936.12;156;281;388
82;0.01;46;935.78;156;281;388
88;-0.10;46;935.12;154;278;379
91;-0.15;46;934.80;157;284;387
94;-0.20;45;934.52;158;289;400
94;-0.26;45;934.44;158;289;400
94;-0.34;45;934.52;160;288;391
93;-0.40;45;934.61;160;288;391
91;-0.49;45;934.77;160;280;380
92;-0.53;46;934.76;160;280;380
92;-0.60;46;934.67;157;272;355
92;-0.66;46;934.69;156;273;362
92;-0.70;46;934.68;155;278;366
92;-0.75;46;934.65;153;280;373
93;-0.81;46;934.64;153;280;385
92;-0.85;46;934.66;153;280;385
93;-0.91;47;934.62;155;278;382
92;-0.95;47;934.67;155;278;382
92;-0.99;47;934.70;156;275;386
92;-1.02;47;934.72;156;275;386
92;-1.07;47;934.70;155;274;368
92;-1.10;47;934.70;156;275;369
92;-1.13;47;934.71;157;283;386
92;-1.16;47;934.69;157;280;380
92;-1.19;47;934.66;152;279;383
92;-1.20;48;934.65;157;281;379
93;-1.22;48;934.61;154;278;374
92;-1.23;48;934.65;154;278;374
92;-1.22;48;934.66;160;279;375
92;-1.22;48;934.76;160;279;375
90;-1.23;48;934.93;162;281;371
90;-1.23;48;934.97;163;282;373
90;-1.27;48;934.91;162;278;373
91;-1.28;49;934.80;162;278;373
94;-1.31;49;934.48;164;283;388
97;-1.33;49;934.11;164;283;388
97;-1.36;49;934.15;163;280;409
96;-1.40;49;934.28;163;280;409
94;-1.44;49;934.44;163;282;413
91;-1.47;49;934.79;163;282;413
84;-1.48;49;935.59;164;280;414
81;-1.48;49;935.92;165;284;423
85;-1.49;49;935.47;173;303;447
87;-1.49;50;935.23;174;306;437
89;-1.50;50;935.05;178;319;464
91;-1.53;50;934.81;178;315;454
93;-1.56;50;934.62;177;310;430
95;-1.60;50;934.33;177;310;430
104;-1.63;50;933.36;173;305;415
114;-1.65;49;932.23;168;298;406
126;-1.67;49;930.91;174;307;421
136;-1.70;49;929.79;171;304;424
148;-1.79;49;928.40;154;278;397
157;-1.87;49;927.48;152;271;388
163;-1.89;49;926.75;139;251;368
170;-1.89;49;926.01;135;239;343
176;-1.91;49;925.30;129;232;328
182;-1.93;48;924.60;128;228;312
189;-1.98;48;923.83;121;211;287
189;-2.00;48;923.86;120;211;287
189;-2.01;48;923.89;123;210;302
188;-2.05;48;923.94;125;216;306
188;-2.06;48;923.98;131;227;327
187;-2.09;48;924.01;131;227;327
188;-2.12;48;923.96;141;241;360
188;-2.14;49;923.96;141;241;359
188;-2.20;49;923.92;144;247;360
188;-2.22;49;923.94;144;247;360
188;-2.27;48;923.92;142;251;363
188;-2.29;48;923.90;142;251;363
189;-2.32;48;923.88;136;239;345
188;-2.34;48;923.93;137;235;343
188;-2.37;48;923.96;133;236;327
188;-2.39;48;923.98;133;238;331
188;-2.41;48;923.98;140;241;313
188;-2.44;48;923.95;140;241;316
188;-2.46;48;923.92;136;231;309
188;-2.48;48;923.98;133;228;308
189;-2.50;48;923.89;125;218;291
188;-2.52;48;923.95;127;221;292
188;-2.54;49;923.98;123;229;318
188;-2.58;49;923.99;126;233;319
188;-2.59;49;923.93;124;225;309
187;-2.61;49;924.04;124;225;309
185;-2.64;48;924.25;120;217;306
186;-2.67;48;924.15;120;217;306
187;-2.69;48;924.08;114;209;296
188;-2.70;48;923.96;114;209;296
189;-2.70;48;923.81;115;203;282
191;-2.71;48;923.62;115;205;283
193;-2.72;48;923.40;114;207;277
194;-2.73;48;923.30;116;213;280
193;-2.74;48;923.35;103;184;240
192;-2.74;48;923.45;103;184;240
187;-2.70;48;924.07;97;174;225
182;-2.67;48;924.66;97;174;225
174;-2.62;48;925.50;91;157;208
169;-2.62;48;926.07;91;157;208
170;-2.65;48;925.94;94;155;208
180;-2.72;48;924.81;96;161;214
195;-2.78;48;923.17;99;161;217
214;-2.83;48;921.06;97;161;216
237;-2.88;48;918.52;71;123;174
258;-2.92;48;916.20;71;123;174
289;-2.98;47;912.77;59;102;138
308;-2.99;46;910.64;52;89;125
331;-3.03;45;908.15;43;67;99
350;-3.05;44;905.99;42;64;93
370;-3.07;43;903.85;32;46;73
386;-3.08;43;902.08;29;43;68
403;-3.09;42;900.26;23;36;61
415;-3.09;42;898.91;20;33;49
428;-3.07;42;897.55;27;46;62
435;-3.05;42;896.71;30;50;66
441;-3.02;42;896.05;40;65;91
444;-3.00;42;895.82;42;66;94
444;-2.95;42;895.77;45;73;105
442;-2.94;41;895.96;46;74;106
435;-2.94;41;896.76;46;73;109
430;-2.93;41;897.33;45;71;108
415;-2.92;41;898.97;40;61;90
403;-2.88;41;900.26;39;58;87
392;-2.88;41;901.44;39;58;83
393;-2.87;41;901.31;39;59;84
391;-2.82;41;901.53;40;66;99
391;-2.81;41;901.50;40;68;100
391;-2.81;41;901.53;45;74;106
391;-2.81;41;901.59;45;74;105
390;-2.79;41;901.61;45;74;103
388;-2.79;41;901.84;45;74;103
385;-2.77;40;902.22;43;73;102
377;-2.75;40;903.09;40;70;97
368;-2.69;40;904.04;33;56;80
362;-2.61;40;904.70;30;52;73
361;-2.54;39;904.78;17;32;39
361;-2.48;39;904.88;17;32;39
360;-2.42;39;904.96;13;26;33
359;-2.38;39;905.02;13;26;33
358;-2.32;38;905.15;7;16;21
359;-2.31;38;905.04;7;16;21
357;-2.28;38;905.25;4;10;10
356;-2.21;38;905.34;4;10;10
355;-2.13;38;905.45;4;10;11
355;-2.07;38;905.52;4;10;11
353;-1.98;38;905.66;5;10;11
353;-1.93;37;905.75;5;10;11
350;-1.86;37;906.03;7;10;11
349;-1.89;37;906.19;7;10;11
348;-1.85;37;906.29;7;11;13
348;-1.88;37;906.32;7;11;13
347;-1.85;37;906.40;7;11;13
346;-1.79;37;906.50;7;11;13
343;-1.77;37;906.82;7;10;11
342;-1.72;37;906.87;7;10;11
342;-1.72;37;906.95;4;8;10
341;-1.78;37;907.07;4;8;10
342;-1.72;37;906.94;4;10;14
341;-1.66;37;907.05;4;10;14
340;-1.59;37;907.15;7;14;17
339;-1.58;37;907.22;7;14;17
336;-1.63;37;907.56;7;17;20
335;-1.60;37;907.63;8;20;25
335;-1.57;37;907.71;10;22;23
336;-1.59;37;907.56;10;22;22
335;-1.66;37;907.71;11;22;26
335;-1.70;37;907.65;11;20;25
335;-1.80;37;907.64;14;25;34
334;-1.81;37;907.74;14;25;34
334;-1.88;37;907.83;19;29;40
333;-1.93;37;907.94;19;29;40
332;-1.89;38;908.01;22;31;44
331;-1.90;38;908.08;22;31;44
330;-1.92;38;908.19;23;31;46
330;-1.91;38;908.29;23;31;46
329;-1.93;38;908.34;25;34;47
328;-1.93;38;908.47;25;34;47
327;-2.04;38;908.62;29;38;56
324;-2.21;38;908.94;29;38;56
324;-2.24;39;908.93;31;49;71
323;-2.26;39;909.11;34;53;76
322;-2.32;39;909.11;46;75;111
321;-2.31;40;909.24;49;79;115
321;-2.33;40;909.19;58;95;130
320;-2.35;40;909.29;58;95;130
320;-2.36;40;909.35;54;86;121
319;-2.36;40;909.44;52;85;116
318;-2.40;40;909.52;46;77;109
315;-2.39;40;909.83;45;74;106
317;-2.50;40;909.68;46;75;107
316;-2.52;40;909.77;46;75;107
315;-2.48;40;909.85;49;77;108
315;-2.49;40;909.94;49;76;104
314;-2.47;40;909.95;49;74;108
314;-2.47;41;909.99;51;76;109
313;-2.46;41;910.09;49;75;112
313;-2.46;41;910.15;49;75;112
312;-2.45;41;910.23;49;77;115
310;-2.44;41;910.43;49;77;115
308;-2.51;41;910.67;47;75;108
308;-2.52;41;910.68;47;74;107
306;-2.61;41;910.89;46;71;97
305;-2.71;41;910.96;46;71;99
304;-2.78;42;911.04;49;78;106
305;-2.80;42;910.94;50;80;107
304;-2.75;42;911.07;54;89;118
303;-2.76;42;911.26;54;89;118
301;-2.76;43;911.45;59;96;129
300;-2.75;43;911.57;59;97;129
298;-2.76;43;911.71;55;91;123
300;-2.77;43;911.59;58;94;129
298;-2.79;43;911.72;65;106;141
297;-2.79;43;911.80;66;110;145
297;-2.80;43;911.93;78;129;173
295;-2.80;43;912.07;78;129;173
294;-2.84;44;912.21;78;135;178
292;-2.82;44;912.42;78;135;176
288;-2.81;43;912.82;68;121;169
289;-2.83;43;912.71;65;118;171
288;-2.84;43;912.87;57;98;153
287;-2.80;43;912.94;51;89;139
287;-2.78;43;912.99;48;76;117
284;-2.82;43;913.29;48;74;112
284;-2.81;43;913.25;48;76;111
284;-2.81;43;913.25;49;77;114
284;-2.81;43;913.29;60;101;139
285;-2.88;43;913.22;60;101;142
284;-2.86;43;913.26;57;95;148
283;-2.87;43;913.41;57;95;148
284;-2.89;43;913.28;51;82;130
281;-2.83;43;913.50;51;83;130
279;-2.82;43;913.87;52;95;124
279;-2.82;42;913.83;54;96;123
279;-2.83;42;913.86;63;110;127
277;-2.84;42;914.05;63;110;127
279;-2.90;42;913.88;60;101;127
279;-2.87;42;913.85;60;98;121
279;-2.88;42;913.88;49;77;111
278;-2.85;42;913.99;48;74;111
276;-2.82;42;914.24;48;76;110
272;-2.83;43;914.66;48;79;116
272;-2.81;43;914.60;54;91;129
272;-2.81;43;914.57;54;91;129
272;-2.86;43;914.67;60;98;138
273;-2.87;43;914.55;61;102;142
272;-2.89;43;914.64;58;99;136
271;-2.90;43;914.69;54;95;130
270;-2.91;43;914.84;54;89;121
264;-2.83;43;915.49;54;89;121
267;-2.86;43;915.19;53;86;123
267;-2.79;43;915.22;53;86;123
262;-2.75;43;915.76;55;88;119
263;-2.71;42;915.61;54;86;114
263;-2.71;42;915.65;57;92;116
260;-2.70;42;915.96;60;95;122
262;-2.70;42;915.78;58;98;128
259;-2.81;42;916.06;57;98;129
260;-2.76;42;915.94;56;96;128
261;-2.73;42;915.89;51;87;116
260;-2.75;42;916.01;47;76;106
258;-2.74;42;916.21;47;76;109
258;-2.76;42;916.22;41;66;96
257;-2.76;42;916.27;43;68;100
255;-2.72;42;916.46;45;71;99
254;-2.69;43;916.62;45;71;99
252;-2.67;43;916.81;50;81;111
251;-2.63;43;916.99;55;87;118
246;-2.60;44;917.47;77;130;167
241;-2.57;44;918.07;81;136;176
234;-2.54;44;918.88;86;144;185
230;-2.52;44;919.27;81;139;176
229;-2.49;44;919.40;77;125;170
227;-2.47;44;919.65;77;124;166
222;-2.44;44;920.21;74;117;158
215;-2.42;44;920.96;71;115;160
205;-2.41;44;922.01;69;114;158
197;-2.38;44;922.99;66;108;144
190;-2.37;44;923.75;59;99;135
181;-2.34;44;924.76;59;99;138
174;-2.34;44;925.48;57;99;144
167;-2.34;45;926.30;60;105;151
159;-2.32;45;927.13;62;108;157
153;-2.31;45;927.86;73;125;176
145;-2.29;46;928.77;76;130;184
138;-2.30;46;929.53;80;138;193
131;-2.29;46;930.36;83;142;197
124;-2.30;47;931.11;87;151;212
118;-2.27;47;931.73;87;150;206
108;-2.26;47;932.95;87;150;204
102;-2.32;48;933.63;87;153;210
94;-2.36;49;934.46;102;179;251
85;-2.39;49;935.48;108;190;266
78;-2.41;50;936.27;116;202;289
73;-2.43;50;936.84;116;202;289
66;-2.50;51;937.62;141;252;377
60;-2.49;51;938.25;139;251;373
53;-2.46;51;939.10;147;268;380
45;-2.44;52;940.04;152;271;383
33;-2.46;52;941.41;141;250;341
25;-2.43;52;942.25;141;250;341
14;-2.48;52;943.54;135;239;346
9;-2.49;53;944.07;124;218;318
1;-2.53;53;944.97;129;228;333
-2;-2.53;53;945.29;135;240;347
2;-2.53;54;944.89;134;234;334
1;-2.55;54;945.00;134;234;334
3;-2.57;54;944.76;149;260;363
3;-2.59;54;944.74;149;260;372
3;-2.61;55;944.77;151;265;408
4;-2.62;55;944.70;154;270;426
3;-2.64;55;944.81;161;288;459
3;-2.66;55;944.79;163;297;457
3;-2.68;55;944.72;163;288;436
3;-2.69;55;944.74;163;288;436
4;-2.72;56;944.61;160;286;418
-1;-2.72;56;945.23;154;274;409
-3;-2.76;56;945.46;147;260;401
-3;-2.76;56;945.48;148;268;415
-3;-2.71;56;945.46;154;280;445
-2;-2.68;56;945.34;160;294;465
-2;-2.67;56;945.35;161;293;472
-2;-2.65;56;945.35;163;300;490
-2;-2.62;56;945.32;167;294;471
-2;-2.60;55;945.34;164;288;453
-2;-2.58;55;945.33;166;291;435
-2;-2.57;55;945.34;168;294;424
-2;-2.55;55;945.31;163;291;420
-2;-2.53;55;945.34;163;291;420
-2;-2.51;55;945.33;167;298;444
-2;-2.50;55;945.33;167;298;444
-2;-2.48;55;945.33;164;296;444
-2;-2.47;55;945.31;164;296;444
-2;-2.46;55;945.30;164;294;423
-2;-2.44;55;945.29;164;293;421
-2;-2.43;55;945.28;165;292;420
-2;-2.41;55;945.37;160;288;416
-2;-2.41;54;945.35;155;278;394
-2;-2.39;54;945.32;155;280;401
-2;-2.40;54;945.35;156;272;410
-2;-2.38;54;945.35;159;274;411
-2;-2.37;54;945.34;159;278;430
-2;-2.36;54;945.36;159;278;430
-2;-2.36;54;945.35;162;286;450
-3;-2.34;54;945.40;162;286;450
-2;-2.34;54;945.36;162;280;447
-2;-2.34;54;945.36;162;280;447
-3;-2.33;54;945.39;162;280;454
-3;-2.33;54;945.39;162;282;444
-3;-2.32;54;945.39;162;291;420
-3;-2.32;54;945.39;160;289;417
-3;-2.31;54;945.40;159;298;408
-2;-2.30;54;945.34;160;298;407
-2;-2.29;54;945.36;159;295;411
-2;-2.28;54;945.35;158;294;409
-2;-2.26;54;945.35;155;292;409
-2;-2.26;54;945.31;155;292;409
-2;-2.25;54;945.33;158;293;426
-2;-2.25;54;945.31;161;289;419
-2;-2.23;55;945.36;159;290;419
-2;-2.22;55;945.30;159;285;408
-2;-2.21;54;945.32;155;281;416
-2;-2.20;54;945.33;155;281;416
-2;-2.18;54;945.35;152;277;413
-2;-2.17;55;945.35;153;278;414
-2;-2.15;55;945.36;149;274;415
-2;-2.14;55;945.38;149;274;415
-2;-2.13;55;945.37;150;273;421
-2;-2.11;55;945.37;150;273;421
-2;-2.12;55;945.36;153;275;416
-2;-2.11;55;945.38;153;275;416
-2;-2.11;55;945.35;151;275;411
-3;-2.10;55;945.40;153;278;413
-2;-2.09;55;945.36;152;277;424
-3;-2.08;55;945.39;150;280;433
-3;-2.09;55;945.39;155;283;444
-2;-2.08;54;945.37;158;283;446
-2;-2.08;54;945.35;160;292;432
-2;-2.07;54;945.36;160;292;432
-2;-2.06;54;945.35;160;292;440
-2;-2.06;54;945.38;160;292;440
-2;-2.05;54;945.38;158;285;427
-2;-2.06;54;945.37;155;282;428
-3;-2.05;54;945.47;157;285;419
-4;-2.03;54;945.52;156;284;422
-4;-2.03;54;945.50;154;282;405
-4;-2.02;54;945.51;155;283;406
-4;-2.01;54;945.52;161;286;404
-4;-2.00;54;945.52;161;286;404
-4;-1.99;54;945.54;159;277;391
-4;-1.98;54;945.49;159;277;391
-3;-1.97;54;945.49;156;274;388
-4;-1.95;53;945.50;156;274;387
-4;-1.95;53;945.51;151;266;378
-3;-1.94;54;945.49;151;266;378
-3;-1.93;54;945.49;148;266;369
-3;-1.93;54;945.48;148;266;369
-3;-1.92;54;945.49;145;265;365
-4;-1.92;54;945.53;145;265;365
-5;-1.92;54;945.65;145;264;377
-5;-1.90;54;945.71;145;265;378
-4;-1.90;54;945.57;148;275;396
-5;-1.90;54;945.65;153;281;402
-4;-1.89;54;945.58;154;286;411
-4;-1.89;53;945.53;154;286;411
-3;-1.89;53;945.45;157;282;414
-3;-1.89;53;945.49;157;282;414
-3;-1.87;53;945.45;160;284;431
-4;-1.87;53;945.50;160;284;431
-4;-1.86;53;945.54;160;283;440
-4;-1.86;53;945.58;160;283;440
-4;-1.86;54;945.59;160;280;436
-7;-1.89;54;945.94;158;285;437
-8;-1.92;54;945.99;168;301;451
-9;-1.94;54;946.13;171;311;456
-6;-1.97;54;945.79;185;339;489
-7;-2.00;55;945.94;192;349;506
-9;-2.01;55;946.15;190;343;514
-7;-2.05;55;945.90;190;343;514
-8;-2.08;55;945.98;201;368;561
-9;-2.10;55;946.07;203;376;568
-9;-2.13;55;946.13;202;376;572
-7;-2.14;55;945.92;200;373;568
-7;-2.18;55;945.88;201;376;560
-9;-2.20;55;946.11;200;374;557
-9;-2.21;55;946.11;200;364;547
-9;-2.24;55;946.07;199;361;538
-9;-2.27;55;946.10;194;370;536
-9;-2.29;56;946.09;194;370;530
-8;-2.32;56;946.01;197;379;527
-8;-2.34;56;945.98;197;379;527
-8;-2.37;56;946.05;199;390;552
-8;-2.40;56;946.03;202;388;544
-9;-2.46;56;946.10;198;366;530
-9;-2.48;56;946.16;203;369;532
-10;-2.49;56;946.25;199;369;540
-9;-2.50;56;946.17;196;366;543
-10;-2.52;56;946.19;208;379;555
-8;-2.56;56;945.98;211;388;558
-8;-2.59;56;946.00;207;372;541
-9;-2.59;57;946.09;205;370;526
-8;-2.60;57;946.05;205;375;525
-8;-2.63;57;946.02;202;370;529
-9;-2.64;57;946.10;201;366;532
-9;-2.64;57;946.10;201;366;532
-6;-2.68;57;945.84;204;387;567
-7;-2.68;57;945.91;202;385;564
-6;-2.70;57;945.79;205;394;556
-7;-2.72;57;945.87;205;397;559
-7;-2.74;57;945.88;211;403;577
-7;-2.74;57;945.95;211;403;577
-7;-2.75;57;945.94;213;406;607
-8;-2.76;57;946.05;213;406;607
-8;-2.76;57;946.03;211;405;607
-9;-2.77;57;946.11;211;405;607
-9;-2.79;58;946.12;211;397;607
-9;-2.80;58;946.10;211;397;607
-9;-2.80;58;946.09;205;382;571
-9;-2.81;58;946.12;202;370;565
-9;-2.82;58;946.12;205;378;555
-8;-2.82;58;946.03;201;373;555
-9;-2.83;58;946.06;205;388;568
-8;-2.85;58;946.05;205;388;568
-8;-2.86;58;945.98;205;388;565
-1;-2.89;58;945.25;207;387;568
6;-2.91;58;944.44;199;376;547
13;-2.92;58;943.61;196;370;541
25;-2.92;58;942.29;193;360;510
34;-2.92;58;941.28;190;364;519
40;-2.93;58;940.57;195;378;526
47;-2.94;58;939.77;195;378;526
55;-2.96;58;938.89;195;375;538
64;-3.00;58;937.90;199;373;540
74;-2.99;58;936.70;195;354;516
85;-3.04;58;935.53;190;348;511
93;-3.08;58;934.54;183;327;463
93;-3.10;57;934.63;183;327;463
92;-3.12;57;934.76;174;313;466
90;-3.13;57;934.87;174;313;466
90;-3.15;57;934.91;171;301;454
90;-3.17;57;934.96;174;306;451
90;-3.18;57;934.93;171;297;436
90;-3.19;57;934.96;171;298;435
90;-3.20;57;934.98;169;301;415
90;-3.22;57;934.93;168;300;426
90;-3.23;57;934.93;166;295;415
90;-3.24;57;934.94;166;295;415
90;-3.26;57;934.93;160;286;406
89;-3.27;57;934.99;160;286;411
89;-3.28;57;935.01;168;301;433
89;-3.30;57;935.03;169;300;430
90;-3.31;57;934.98;169;310;430
89;-3.32;57;935.04;169;306;421
89;-3.34;57;935.03;168;301;420
89;-3.35;57;935.01;168;301;420
89;-3.36;57;935.06;165;306;427
89;-3.37;57;935.01;165;306;427
89;-3.38;57;935.03;163;303;438
89;-3.38;57;935.04;163;303;438
90;-3.40;58;934.98;171;313;466
90;-3.41;58;934.94;171;313;466
89;-3.42;58;935.00;169;316;472
90;-3.43;58;934.95;169;316;472
90;-3.44;58;934.95;166;307;460
89;-3.45;58;934.99;166;303;448
90;-3.47;58;934.98;163;297;424
90;-3.48;58;934.95;165;297;442
90;-3.50;58;934.94;171;294;457
89;-3.51;58;935.02;171;294;457
89;-3.51;58;935.04;174;301;477
89;-3.52;58;935.06;172;298;463
90;-3.53;58;935.01;174;306;457
90;-3.54;58;934.97;172;307;457
90;-3.55;58;934.97;169;310;454
89;-3.55;58;935.01;169;310;454
90;-3.56;58;934.92;171;309;457
89;-3.56;58;935.03;171;309;457
89;-3.56;58;934.99;166;303;442
89;-3.56;58;935.03;169;301;436
90;-3.57;58;934.97;172;319;471
90;-3.58;58;934.97;172;319;471
90;-3.59;58;934.97;175;330;490
90;-3.59;58;935.00;175;330;490
90;-3.60;58;934.95;175;331;487
89;-3.60;59;935.03;175;331;487
97;-3.63;59;934.09;177;331;481
104;-3.65;59;933.33;181;334;472
111;-3.67;58;932.59;198;367;514
117;-3.68;58;931.86;204;372;517
124;-3.68;58;931.06;207;382;532
131;-3.70;58;930.31;202;378;532
136;-3.70;57;929.75;190;358;511
144;-3.71;57;928.92;186;352;505
152;-3.72;56;927.99;171;328;472
158;-3.73;56;927.32;165;321;457
165;-3.73;56;926.50;163;301;406
172;-3.74;56;925.75;163;298;400
178;-3.75;55;925.07;159;283;375
187;-3.75;55;924.06;159;283;375
186;-3.73;54;924.13;144;244;328
186;-3.72;54;924.20;135;235;322
185;-3.70;53;924.30;105;181;265
185;-3.69;53;924.34;100;172;250
184;-3.67;53;924.43;91;162;231
183;-3.68;53;924.49;90;157;226
183;-3.66;53;924.50;97;169;241
184;-3.67;53;924.42;97;171;240
183;-3.65;53;924.48;106;184;253
183;-3.66;53;924.52;109;193;259
183;-3.65;53;924.50;121;211;292
183;-3.66;53;924.47;126;216;292
184;-3.64;53;924.43;129;217;300
183;-3.64;53;924.51;124;213;294
183;-3.64;53;924.47;115;190;267
184;-3.63;53;924.39;112;189;259
184;-3.62;52;924.43;105;184;247
184;-3.62;52;924.42;105;184;247
183;-3.62;52;924.47;99;175;238
183;-3.61;52;924.48;97;171;229
183;-3.60;52;924.46;94;171;240
183;-3.60;51;924.47;94;168;243
184;-3.60;51;924.39;97;163;244
183;-3.60;51;924.47;97;166;247
183;-3.61;51;924.48;99;172;244
183;-3.60;51;924.50;99;172;244
183;-3.59;51;924.46;100;169;246
184;-3.60;51;924.42;100;169;246
183;-3.60;51;924.47;99;169;249
183;-3.59;51;924.51;99;169;249
183;-3.59;51;924.52;97;171;250
183;-3.59;51;924.49;97;171;250
183;-3.59;51;924.46;105;180;270
184;-3.60;51;924.47;106;181;285
184;-3.59;51;924.45;112;196;292
183;-3.59;51;924.48;114;201;294
183;-3.59;51;924.49;111;199;288
183;-3.59;51;924.46;111;199;288
183;-3.58;51;924.50;109;199;274
183;-3.59;51;924.51;109;199;274
183;-3.58;51;924.50;106;199;267
183;-3.59;51;924.46;106;199;267
183;-3.59;51;924.47;106;192;262
183;-3.59;51;924.49;109;199;271
183;-3.59;51;924.48;111;193;265
183;-3.59;51;924.49;111;193;262
183;-3.60;51;924.48;108;181;261
183;-3.60;51;924.51;103;171;258
184;-3.60;51;924.46;99;168;247
183;-3.59;51;924.50;99;168;247
181;-3.60;51;924.79;102;171;244
187;-3.64;51;924.12;103;174;241
195;-3.67;51;923.21;108;189;238
203;-3.70;51;922.31;109;187;244
212;-3.72;50;921.30;102;181;247
219;-3.75;50;920.45;99;174;241
228;-3.76;50;919.48;87;148;213
236;-3.78;50;918.62;85;144;208
244;-3.79;49;917.67;84;142;190
252;-3.80;49;916.83;82;139;184
261;-3.82;48;915.88;82;130;174
268;-3.84;48;915.08;79;126;165
279;-3.84;48;913.89;70;112;142
281;-3.84;48;913.59;69;108;138
281;-3.82;48;913.59;67;109;135
281;-3.81;48;913.65;69;112;142
280;-3.80;48;913.76;67;111;142
280;-3.79;48;913.74;66;108;142
279;-3.77;48;913.85;61;103;142
279;-3.77;48;913.90;61;103;142
278;-3.76;48;913.93;66;105;141
278;-3.76;47;913.93;66;105;141
278;-3.76;47;913.96;64;103;138
278;-3.75;47;913.94;64;103;138
278;-3.76;47;913.95;69;111;145
278;-3.75;47;913.92;70;112;144
279;-3.75;47;913.88;72;112;148
279;-3.74;47;913.88;69;115;154
278;-3.74;47;913.95;67;109;142
278;-3.73;47;913.92;66;111;145
278;-3.74;47;913.94;64;112;139
278;-3.74;47;913.95;64;109;145
278;-3.74;47;913.94;63;111;153
278;-3.74;47;913.92;64;109;151
278;-3.74;47;913.93;64;109;156
278;-3.73;47;913.93;63;102;151
278;-3.73;47;913.95;64;103;150
278;-3.73;47;913.96;66;103;145
278;-3.73;47;913.95;66;103;148
279;-3.73;47;913.90;67;108;154
278;-3.72;47;913.94;66;109;153
278;-3.72;47;913.91;67;109;154
278;-3.72;47;913.98;67;109;154
278;-3.72;47;913.92;64;106;150
278;-3.72;46;913.94;64;106;151
278;-3.72;46;913.94;61;103;127
278;-3.71;46;913.95;61;100;123
278;-3.72;46;913.93;60;99;126
278;-3.71;46;913.97;58;97;130
279;-3.71;46;913.89;58;94;141
278;-3.71;46;913.92;58;96;148
278;-3.71;46;913.94;58;102;160
278;-3.71;46;913.95;57;102;157
279;-3.71;46;913.90;57;105;139
279;-3.72;46;913.89;55;100;133
278;-3.71;46;913.94;58;99;133
278;-3.71;46;913.93;58;99;127
278;-3.71;46;913.93;64;103;135
278;-3.71;46;913.93;64;105;141
278;-3.70;46;913.94;67;109;141
278;-3.71;46;913.94;67;112;147
278;-3.71;46;913.96;66;109;151
278;-3.72;46;913.94;66;109;151
278;-3.72;46;914.00;64;106;139
278;-3.71;46;913.97;64;106;139
282;-3.74;46;913.52;61;99;133
293;-3.78;46;912.34;60;100;135
304;-3.81;46;911.09;57;94;133
314;-3.82;45;909.95;55;91;124
326;-3.84;45;908.63;49;78;112
337;-3.85;45;907.42;48;75;109
348;-3.86;44;906.21;40;63;82
360;-3.87;44;904.98;40;63;82
375;-3.89;43;903.34;36;57;76
386;-3.89;44;902.06;36;58;76
397;-3.89;44;900.91;40;64;84
408;-3.89;44;899.68;42;67;87
417;-3.88;44;898.71;48;75;97
417;-3.88;44;898.72;48;75;97
414;-3.85;44;899.05;46;72;99
405;-3.84;44;899.98;45;70;96
398;-3.83;44;900.76;43;69;97
393;-3.83;44;901.38;43;69;96
385;-3.82;44;902.22;43;70;99
381;-3.81;44;902.64;45;70;103
375;-3.80;44;903.32;42;69;97
373;-3.79;44;903.48;42;69;97
370;-3.77;43;903.85;36;61;84
370;-3.78;43;903.80;36;61;82
371;-3.79;43;903.75;30;52;73
371;-3.79;43;903.74;27;49;67
372;-3.80;43;903.67;24;45;58
372;-3.80;42;903.64;24;45;58
372;-3.81;42;903.66;24;42;54
371;-3.80;42;903.71;24;42;54
372;-3.81;42;903.65;24;39;49
372;-3.81;42;903.68;24;39;49
372;-3.81;42;903.67;24;39;51
372;-3.81;42;903.68;24;39;51
372;-3.81;42;903.67;24;37;51
371;-3.81;42;903.71;24;37;51
371;-3.82;42;903.69;21;34;48
372;-3.82;42;903.66;21;34;48
372;-3.82;42;903.66;18;31;51
372;-3.82;42;903.66;18;30;49
372;-3.82;42;903.66;18;33;48
372;-3.82;42;903.66;16;33;46
372;-3.83;42;903.60;18;34;42
372;-3.83;42;903.62;16;34;45
372;-3.83;42;903.64;16;34;46
371;-3.83;42;903.69;16;34;46
372;-3.83;42;903.68;16;31;40
372;-3.84;42;903.62;16;31;40
371;-3.84;42;903.65;16;30;40
372;-3.85;42;903.64;16;30;40
372;-3.85;42;903.66;15;27;37
372;-3.85;42;903.64;15;27;37
372;-3.85;42;903.66;16;24;34
372;-3.85;42;903.65;16;24;34
372;-3.86;42;903.66;15;22;37
372;-3.86;42;903.62;15;22;37
372;-3.86;42;903.66;15;22;36
372;-3.86;42;903.64;15;22;36
372;-3.86;42;903.63;15;22;33
372;-3.87;42;903.63;15;22;33
372;-3.87;42;903.65;16;27;34
372;-3.88;42;903.63;16;27;34
372;-3.88;42;903.64;18;28;37
372;-3.89;42;903.63;18;28;37
372;-3.89;42;903.65;18;30;31
372;-3.89;42;903.62;18;30;31
372;-3.89;42;903.60;18;30;37
372;-3.89;42;903.64;18;30;37
372;-3.90;41;903.61;18;28;39
372;-3.90;41;903.62;18;28;39
367;-3.91;41;904.15;18;28;40
383;-3.93;41;902.54;18;28;40
394;-3.94;41;901.24;19;34;48
405;-3.95;42;900.00;21;39;49
416;-3.96;42;898.83;34;58;90
428;-3.95;42;897.54;36;61;96
439;-3.94;42;896.29;39;66;100
451;-3.93;42;895.03;40;67;103
465;-3.91;42;893.54;43;70;109
467;-3.90;42;893.33;43;70;106
466;-3.89;42;893.40;46;73;111
466;-3.89;42;893.34;45;73;112
466;-3.86;42;893.43;46;73;112
465;-3.86;42;893.44;46;73;112
465;-3.85;42;893.53;45;72;106
464;-3.84;42;893.59;45;72;106
465;-3.83;42;893.54;45;76;114
465;-3.83;42;893.52;46;76;117
464;-3.82;42;893.55;46;78;117
464;-3.82;42;893.60;48;79;120
464;-3.81;43;893.59;49;84;133
464;-3.80;43;893.61;49;84;133
465;-3.79;43;893.58;48;82;133
464;-3.79;43;893.52;48;81;130
464;-3.79;43;893.63;49;84;139
465;-3.79;43;893.53;49;81;133
464;-3.78;43;893.57;49;84;130
464;-3.78;43;893.57;48;82;133
465;-3.77;43;893.49;49;82;127
464;-3.77;43;893.57;49;81;127
465;-3.77;43;893.48;49;82;136
465;-3.77;43;893.52;51;85;139
465;-3.76;43;893.52;52;88;147
464;-3.76;43;893.62;52;88;141
465;-3.76;43;893.49;51;85;130
464;-3.76;43;893.58;49;81;124
465;-3.75;43;893.52;49;82;132
465;-3.76;43;893.50;49;82;132
465;-3.76;43;893.53;51;82;127
465;-3.75;43;893.45;51;81;127
465;-3.75;43;893.47;49;84;129
465;-3.75;43;893.51;49;82;126
465;-3.75;43;893.46;48;85;132
465;-3.75;43;893.46;48;85;132
464;-3.75;43;893.57;49;91;138
465;-3.75;43;893.54;49;91;138
464;-3.75;43;893.55;51;90;141
464;-3.75;43;893.59;51;90;141
465;-3.76;43;893.46;51;91;142
465;-3.75;43;893.47;51;88;141
464;-3.75;43;893.55;51;88;127
464;-3.76;43;893.56;51;87;126
465;-3.76;43;893.45;51;85;133
465;-3.75;43;893.54;51;85;133
465;-3.76;43;893.51;49;82;127
464;-3.75;43;893.55;49;79;120
464;-3.75;43;893.64;49;79;121
465;-3.76;43;893.49;49;79;118
465;-3.75;43;893.52;49;79;115
465;-3.75;43;893.54;49;81;118
464;-3.76;43;893.61;49;82;121
464;-3.75;43;893.58;49;82;118
454;-3.76;43;894.64;49;85;123
450;-3.77;43;895.09;49;84;124
444;-3.77;42;895.80;46;78;114
433;-3.77;42;896.96;45;75;112
427;-3.78;42;897.59;42;72;108
420;-3.78;42;898.38;42;69;105
414;-3.78;43;899.00;40;66;100
408;-3.79;43;899.75;40;66;97
401;-3.79;43;900.46;42;70;105
393;-3.80;42;901.35;42;69;103
386;-3.80;42;902.12;42;66;97
381;-3.80;42;902.67;40;64;93
373;-3.81;42;903.57;39;61;87
366;-3.80;42;904.33;34;55;78
357;-3.80;42;905.28;33;52;73
345;-3.80;42;906.63;28;45;63
343;-3.79;42;906.82;22;33;43
335;-3.79;42;907.68;21;30;37
327;-3.79;42;908.51;18;31;42
318;-3.79;42;909.55;19;36;46
314;-3.80;42;909.99;21;39;48
307;-3.78;42;910.77;22;39;49
299;-3.79;43;911.66;30;48;66
290;-3.79;43;912.61;33;52;73
283;-3.80;44;913.41;43;67;93
277;-3.80;45;914.12;46;72;99
271;-3.80;46;914.76;61;106;139
263;-3.80;47;915.59;63;106;142
257;-3.81;47;916.31;73;127;184
247;-3.81;47;917.40;73;127;184
242;-3.80;47;917.91;75;127;181
236;-3.80;47;918.63;70;120;175
227;-3.81;47;919.58;55;93;124
221;-3.81;47;920.27;52;85;117
212;-3.81;47;921.32;48;75;108
206;-3.82;47;921.91;48;75;108
198;-3.82;48;922.87;49;76;111
190;-3.83;48;923.76;49;76;111
182;-3.84;48;924.40;54;82;120
176;-3.85;49;925.25;57;90;127
169;-3.83;50;926.11;85;139;189
158;-3.83;50;927.28;91;147;205
147;-3.84;51;928.57;121;202;280
141;-3.84;52;929.19;130;222;310
138;-3.85;52;929.55;145;256;381
131;-3.84;53;930.33;145;256;381
122;-3.85;53;931.28;150;268;403
110;-3.84;54;932.72;157;285;426
104;-3.85;54;933.39;157;285;430
98;-3.85;55;933.99;160;291;435
93;-3.85;55;934.61;157;289;427
84;-3.85;55;935.58;157;289;427
71;-3.85;56;937.12;151;277;417
62;-3.87;56;938.06;154;283;424
54;-3.89;57;938.94;172;313;466
52;-3.88;57;939.16;169;307;451
44;-3.89;57;940.12;189;330;493
33;-3.90;57;941.35;184;322;486
25;-3.91;58;942.23;190;354;538
19;-3.92;58;942.96;190;354;538
6;-3.92;58;944.41;190;358;544
0;-3.92;58;945.05;190;358;544
-7;-3.93;59;945.88;192;367;558
-9;-3.93;59;946.17;192;369;565
-9;-3.94;59;946.18;201;385;594
-6;-3.93;59;945.77;199;388;598
-5;-3.91;59;945.72;202;379;580
-5;-3.90;59;945.72;199;379;583
-6;-3.89;59;945.80;195;358;555
-5;-3.88;59;945.69;195;358;555
-5;-3.86;59;945.71;189;348;523
-5;-3.85;59;945.70;189;348;523
-5;-3.85;58;945.69;180;331;480
-5;-3.83;58;945.70;180;331;480
-5;-3.82;58;945.70;175;325;481
-4;-3.82;58;945.61;175;325;481
-4;-3.77;58;945.59;175;334;486
-4;-3.73;58;945.58;172;334;484
-4;-3.69;58;945.58;175;328;505
-4;-3.66;58;945.59;174;334;496
-4;-3.62;58;945.58;168;322;487
-5;-3.61;58;945.64;168;322;487
-4;-3.59;58;945.59;166;316;477
-5;-3.57;58;945.63;166;316;477
-4;-3.55;58;945.61;163;313;463
-5;-3.54;58;945.62;160;313;457
-5;-3.52;58;945.65;162;301;454
-5;-3.50;58;945.65;160;295;441
-5;-3.49;58;945.62;160;297;471
-4;-3.48;58;945.59;160;292;462
-5;-3.46;58;945.62;160;292;472
-5;-3.46;58;945.62;160;292;472
-4;-3.45;58;945.60;160;301;472
-4;-3.44;58;945.60;160;300;469
-5;-3.43;57;945.62;154;294;442
-5;-3.42;57;945.62;154;295;439
-5;-3.41;57;945.62;160;289;448
-4;-3.41;57;945.61;160;289;448
-5;-3.38;57;945.67;160;292;453
-4;-3.39;57;945.61;160;292;453
-5;-3.37;57;945.65;160;292;451
-5;-3.37;57;945.62;160;292;451
-5;-3.36;57;945.61;162;289;453
-4;-3.36;57;945.59;162;289;453
-4;-3.36;57;945.60;160;288;451
-5;-3.35;57;945.61;160;288;451
-4;-3.35;57;945.58;160;291;469
-5;-3.34;57;945.65;160;291;469
-4;-3.34;57;945.58;160;289;477
-5;-3.33;57;945.64;160;289;477
-5;-3.34;57;945.63;165;297;498
-5;-3.32;57;945.62;164;293;490
-4;-3.32;57;945.61;163;301;463
-4;-3.31;57;945.60;165;301;457
-5;-3.29;57;945.63;163;306;468
-5;-3.28;57;945.63;163;309;469
-5;-3.27;57;945.62;160;307;468
-5;-3.26;57;945.66;159;301;459
-5;-3.25;57;945.63;162;305;460
-5;-3.24;57;945.62;161;303;458
-5;-3.23;57;945.63;164;304;459
-5;-3.21;57;945.64;164;304;459
-5;-3.19;57;945.65;156;290;443
-5;-3.19;58;945.66;156;290;443
-5;-3.16;58;945.64;158;292;428
-5;-3.14;58;945.61;158;291;427
-5;-3.11;58;945.63;159;297;427
-5;-3.10;58;945.63;159;297;427
-5;-3.07;58;945.65;159;294;436
-5;-3.04;58;945.64;159;294;436
-5;-3.03;58;945.64;165;307;443
-5;-3.01;58;945.61;166;310;445
-5;-2.98;58;945.65;166;306;478
-5;-2.96;58;945.65;166;305;478
-5;-2.89;58;945.63;166;307;468
-5;-2.83;58;945.63;166;307;468
-4;-2.73;58;945.59;167;310;459
-5;-2.66;58;945.67;167;310;459
-5;-2.53;58;945.63;166;308;440
-5;-2.43;58;945.70;166;308;440
-5;-2.34;58;945.66;168;313;449
-5;-2.28;58;945.66;168;313;449
-5;-2.22;58;945.62;171;317;461
-5;-2.19;57;945.68;170;316;460
-5;-2.14;57;945.65;174;316;474
-5;-2.10;57;945.66;174;316;474
-5;-2.06;57;945.65;176;311;479
-5;-2.02;57;945.64;179;315;483
-5;-1.96;57;945.69;180;320;495
-5;-1.90;57;945.65;177;323;503
-5;-1.84;57;945.67;173;325;487
-5;-1.80;57;945.69;173;325;487
-5;-1.74;57;945.69;174;323;483
-6;-1.71;57;945.75;173;318;476
-6;-1.66;57;945.75;175;329;483
-6;-1.63;57;945.73;177;329;487
-6;-1.57;57;945.76;177;332;509
-6;-1.53;57;945.80;177;332;509
-6;-1.48;57;945.82;180;334;502
-6;-1.45;56;945.83;180;334;502
-6;-1.41;56;945.82;176;327;480
-6;-1.38;56;945.82;175;326;486
-6;-1.35;56;945.81;183;326;477
-6;-1.33;56;945.83;184;330;484
-6;-1.31;56;945.81;184;326;515
-6;-1.28;55;945.78;184;325;514
-7;-1.25;55;945.89;182;329;519
-7;-1.23;55;945.85;182;329;519
-6;-1.20;55;945.78;182;329;511
-6;-1.18;55;945.81;182;329;511
-6;-1.13;55;945.79;178;325;505
-7;-1.10;55;945.87;178;325;505
-7;-1.06;55;945.87;180;323;496
-7;-1.03;55;945.90;180;324;498
-7;-1.00;55;945.86;179;328;489
-7;-0.97;55;945.87;179;328;489
-7;-0.95;55;945.85;178;322;483
-7;-0.92;55;945.87;177;320;477
-7;-0.91;55;945.87;166;313;467
-7;-0.89;55;945.86;162;309;463
-7;-0.87;55;945.86;159;304;454
-7;-0.84;55;945.86;158;299;457
-6;-0.81;56;945.82;155;288;436
-7;-0.76;57;945.85;155;288;436
-7;-0.68;58;945.86;156;285;442
-7;-0.64;59;945.89;153;281;435
-7;-0.59;60;945.91;146;267;408
-7;-0.57;60;945.89;146;267;408
-7;-0.53;60;945.91;140;248;370
-7;-0.52;60;945.86;140;248;370
