Altitude_m;Temperature_degC;Humidity_%;Pressure_hPa;PM1_ug/m3;PM2.5_ug/m3;PM10_ug/m3
0;8.91;46;949.63;63;117;143
1;8.98;46;949.58;110;221;305
0;9.05;46;949.64;112;229;317
1;9.12;46;949.56;111;227;328
0;9.19;46;949.60;111;226;326
0;9.34;46;949.67;113;226;341
0;9.48;46;949.62;116;226;336
0;9.61;46;949.61;126;237;351
0;9.74;46;949.64;129;239;353
0;9.85;46;949.67;140;242;350
0;9.93;46;949.63;141;245;352
0;10.02;46;949.62;151;261;363
0;10.10;46;949.60;149;251;356
0;10.21;46;949.65;146;251;351
0;10.28;46;949.64;146;251;354
0;10.35;46;949.64;143;245;349
0;10.42;47;949.65;143;245;349
0;10.48;47;949.65;140;247;342
0;10.54;47;949.68;138;243;336
0;10.59;47;949.67;130;235;322
0;10.63;47;949.67;130;234;327
0;10.68;48;949.68;130;227;320
0;10.73;48;949.68;129;226;320
0;10.77;48;949.70;130;223;311
0;10.82;48;949.67;130;223;311
0;10.91;48;949.66;130;227;312
0;10.98;48;949.66;128;225;309
0;11.06;48;949.64;127;224;309
0;11.14;48;949.63;127;224;309
0;11.25;48;949.61;127;221;303
0;11.32;49;949.63;127;221;303
0;11.41;49;949.64;125;220;295
0;11.47;49;949.62;125;220;295
0;11.58;48;949.65;123;217;294
0;11.65;48;949.65;123;216;292
0;11.76;48;949.60;124;215;288
0;11.84;48;949.62;124;215;288
0;11.95;48;949.63;121;213;276
0;12.02;48;949.61;121;213;276
0;12.10;48;949.65;121;211;271
0;12.17;48;949.64;121;211;271
0;12.28;48;949.62;118;205;274
0;12.36;48;949.67;117;204;272
0;12.46;48;949.61;115;199;269
0;12.53;48;949.65;115;199;269
0;12.63;48;949.64;113;197;270
0;12.73;48;949.63;113;197;270
0;12.89;48;949.62;112;197;268
0;13.01;48;949.65;112;197;268
0;13.17;48;949.69;109;194;265
0;13.30;47;949.64;109;194;265
0;13.44;47;949.62;109;194;264
0;13.53;47;949.64;109;194;264
0;13.64;47;949.68;106;187;258
1;13.71;46;949.55;106;187;258
1;13.79;46;949.56;105;185;252
1;13.84;45;949.58;106;186;256
1;13.87;45;949.59;122;216;292
1;13.90;43;949.56;127;226;306
1;13.96;42;949.56;148;265;368
1;13.94;41;949.59;151;274;376
1;13.92;40;949.58;152;281;387
1;13.89;40;949.56;152;281;387
1;13.88;39;949.58;154;279;382
1;13.87;39;949.58;154;279;382
1;13.87;38;949.58;153;282;385
1;13.86;38;949.57;152;279;380
1;13.85;38;949.59;156;278;377
1;13.84;38;949.59;157;281;384
1;13.83;38;949.58;152;274;392
1;13.82;37;949.55;152;278;400
1;13.80;37;949.53;154;282;398
1;13.80;37;949.55;154;282;398
1;13.78;37;949.52;152;278;396
1;13.77;36;949.55;152;278;396
1;13.75;36;949.54;150;273;383
1;13.74;36;949.57;150;273;383
1;13.71;35;949.51;152;275;376
1;13.70;35;949.53;151;275;375
1;13.68;35;949.54;155;287;378
1;13.66;35;949.56;156;291;384
1;13.63;35;949.57;167;312;414
1;13.61;35;949.58;167;314;420
1;13.58;35;949.53;171;315;439
1;13.56;35;949.55;171;315;439
1;13.51;35;949.55;167;305;428
1;13.48;35;949.54;167;305;428
1;13.43;34;949.53;165;299;411
1;13.39;34;949.54;164;298;410
1;13.34;34;949.53;163;293;397
1;13.31;33;949.49;163;293;397
1;13.24;33;949.50;162;292;385
1;13.19;33;949.50;162;292;385
9;12.48;33;948.64;161;294;387
9;12.39;32;948.61;163;298;400
8;12.39;32;948.76;169;309;425
8;12.32;32;948.78;172;314;431
9;12.10;32;948.58;177;327;451
8;12.07;32;948.72;175;323;448
9;11.94;32;948.67;174;323;449
7;12.00;31;948.85;174;323;449
8;11.76;31;948.76;175;323;461
8;11.61;31;948.72;175;323;461
9;11.41;30;948.64;173;319;451
8;11.35;30;948.76;173;319;451
9;11.12;30;948.64;178;314;445
9;11.01;30;948.65;178;314;445
7;10.97;30;948.80;178;326;444
8;10.81;30;948.71;180;329;447
8;10.69;30;948.76;177;317;436
9;10.49;30;948.67;176;320;440
3;10.74;30;949.28;174;315;433
4;10.54;30;949.19;174;315;433
3;10.42;30;949.29;171;316;428
3;10.29;30;949.30;171;316;428
3;10.13;30;949.33;171;318;431
2;10.07;30;949.47;171;318;431
3;9.79;31;949.26;167;313;433
4;9.69;31;949.23;167;313;431
3;9.53;31;949.31;171;309;418
1;9.22;31;949.56;173;309;422
2;8.82;30;949.37;186;338;458
5;8.41;31;949.04;186;338;458
5;7.92;31;949.10;186;340;468
6;7.54;31;949.00;186;340;468
9;6.96;31;948.57;199;363;499
9;6.55;32;948.67;202;371;514
9;6.10;32;948.57;196;359;487
8;5.85;32;948.72;197;359;490
9;5.45;33;948.67;190;346;485
9;5.06;33;948.60;191;349;489
8;4.66;34;948.69;186;337;477
9;4.37;34;948.66;186;337;477
9;4.05;35;948.66;190;341;495
7;3.84;35;948.81;189;339;491
8;3.47;36;948.77;193;341;481
7;3.26;36;948.85;192;342;476
7;2.92;36;948.85;197;359;488
7;2.69;37;948.86;197;359;488
8;2.26;38;948.78;196;359;485
8;2.01;38;948.75;197;361;487
7;1.71;39;948.80;196;368;494
7;1.48;39;948.80;196;368;494
8;1.12;40;948.79;201;368;512
7;0.91;40;948.80;201;368;512
8;0.61;41;948.72;200;363;524
9;0.36;41;948.63;200;363;524
8;0.19;42;948.71;201;358;523
8;0.04;42;948.79;202;361;533
8;-0.16;43;948.72;197;355;513
8;-0.36;43;948.72;196;353;501
8;-0.54;43;948.79;190;351;503
8;-0.73;44;948.73;190;351;503
8;-0.92;44;948.77;196;348;503
8;-1.05;45;948.75;196;348;503
9;-1.24;45;948.66;192;338;511
8;-1.39;45;948.69;190;335;519
8;-1.58;46;948.72;188;324;500
8;-1.66;46;948.76;184;323;494
8;-1.78;47;948.75;180;313;463
9;-1.95;47;948.68;180;313;463
8;-2.02;47;948.75;186;314;447
8;-2.18;48;948.70;189;326;459
8;-2.29;48;948.71;206;361;511
9;-2.34;49;948.74;212;377;534
9;-2.49;49;948.66;224;409;560
8;-2.54;49;948.70;224;409;560
11;-2.74;50;948.42;221;396;553
20;-2.82;50;947.43;221;396;553
31;-3.03;50;946.15;214;383;533
37;-3.15;51;945.39;203;359;510
45;-3.23;51;944.59;200;355;488
52;-3.40;51;943.70;192;342;484
61;-3.47;51;942.69;175;318;435
70;-3.61;52;941.64;178;321;435
78;-3.71;52;940.81;165;292;398
84;-3.70;52;940.13;156;272;383
92;-3.82;52;939.27;161;286;402
95;-3.82;53;938.91;172;303;426
101;-3.88;53;938.27;188;347;485
105;-4.02;53;937.72;199;369;506
109;-4.10;54;937.34;222;424;563
107;-4.14;54;937.52;222;424;563
106;-4.17;54;937.59;237;448;597
106;-4.22;55;937.68;238;449;599
107;-4.45;55;937.49;251;473;622
107;-4.50;55;937.57;252;475;624
106;-4.56;56;937.61;260;486;652
107;-4.65;56;937.49;260;486;652
106;-4.68;56;937.59;265;495;677
107;-4.71;56;937.55;265;495;677
107;-4.87;57;937.57;259;473;673
107;-4.92;57;937.57;259;473;673
106;-4.90;57;937.66;254;463;676
107;-5.03;57;937.51;254;463;676
107;-5.14;58;937.48;244;442;659
107;-5.20;58;937.48;244;442;659
106;-5.15;58;937.66;234;432;656
108;-5.31;58;937.44;234;432;656
108;-5.37;58;937.39;225;417;645
108;-5.41;59;937.39;226;419;647
108;-5.47;59;937.38;222;420;650
107;-5.42;59;937.56;224;418;640
108;-5.55;59;937.43;229;434;642
107;-5.59;59;937.47;228;436;632
108;-5.62;60;937.41;243;458;641
108;-5.66;60;937.40;243;458;641
108;-5.67;60;937.46;257;493;664
108;-5.72;60;937.41;262;503;673
108;-5.73;60;937.42;279;545;747
108;-5.76;61;937.42;278;545;755
106;-5.71;61;937.60;280;548;768
107;-5.81;61;937.46;280;548;768
107;-5.89;61;937.47;277;551;801
108;-5.92;61;937.43;278;553;804
107;-5.94;62;937.48;276;538;795
106;-5.89;62;937.66;276;538;795
107;-5.99;62;937.56;278;539;787
107;-6.03;62;937.55;278;539;787
107;-6.05;62;937.50;282;550;806
108;-6.07;62;937.44;282;550;806
107;-6.02;63;937.57;280;550;821
106;-6.00;63;937.62;280;550;821
108;-6.11;63;937.42;278;548;791
108;-6.11;63;937.45;278;548;791
107;-6.11;63;937.48;279;554;794
108;-6.12;63;937.45;279;554;794
108;-6.15;63;937.41;277;553;807
107;-6.06;63;937.60;277;553;807
107;-6.05;63;937.57;271;547;804
107;-6.09;63;937.52;271;547;804
110;-6.16;63;937.13;271;549;802
115;-6.17;63;936.67;271;549;802
119;-6.20;64;936.16;250;484;736
124;-6.20;64;935.61;244;469;709
128;-6.18;64;935.20;223;421;649
131;-6.15;64;934.79;217;405;628
130;-5.69;64;934.98;208;384;592
135;-5.69;63;934.38;208;384;592
139;-5.66;63;933.90;184;327;511
143;-5.68;62;933.41;172;303;463
150;-5.68;62;932.69;151;253;373
159;-5.68;62;931.68;138;237;349
168;-5.65;62;930.69;109;193;297
176;-5.65;62;929.77;108;189;285
184;-5.67;62;928.82;94;168;259
190;-5.62;62;928.21;85;154;231
194;-5.59;61;927.73;82;145;202
194;-5.58;60;927.72;88;154;210
193;-5.52;60;927.82;109;192;256
193;-5.52;59;927.89;115;202;268
192;-5.50;59;927.93;109;193;255
192;-5.48;58;927.99;108;189;253
191;-5.42;58;928.03;109;195;259
191;-5.39;58;928.05;108;193;259
191;-5.40;57;928.03;109;192;264
191;-5.39;57;928.04;111;192;261
192;-5.36;57;928.00;109;187;256
191;-5.34;57;928.05;109;190;258
191;-5.30;57;928.05;109;187;247
191;-5.26;57;928.07;109;187;247
191;-5.27;56;928.04;106;190;265
191;-5.26;56;928.04;106;193;265
191;-5.21;56;928.09;109;195;282
191;-5.21;56;928.04;109;195;283
191;-5.19;56;928.05;105;186;270
191;-5.19;56;928.02;105;186;270
191;-5.18;56;928.05;103;178;261
192;-5.16;55;928.03;103;178;262
191;-5.13;55;928.05;102;181;262
192;-5.13;55;928.01;102;180;265
191;-5.11;55;928.04;100;174;255
191;-5.10;55;928.04;100;174;255
191;-5.09;55;928.04;100;180;250
192;-5.09;55;927.99;100;184;258
191;-5.04;55;928.08;103;181;244
191;-5.05;54;928.05;100;184;252
192;-5.04;54;928.02;97;175;241
192;-5.04;54;928.02;97;175;241
191;-5.00;54;928.04;99;171;235
192;-5.02;54;927.99;99;171;235
191;-4.98;54;928.04;97;172;249
191;-4.99;54;928.03;97;171;247
192;-4.99;54;928.01;100;172;237
191;-4.98;54;928.04;100;175;241
192;-4.98;54;928.00;105;181;249
192;-4.96;54;928.00;106;180;256
192;-4.97;54;928.01;105;183;268
192;-4.97;54;928.02;105;183;268
191;-4.93;54;928.07;103;183;262
191;-4.93;54;928.04;100;183;256
192;-4.95;54;927.99;102;181;247
192;-4.95;53;928.00;102;181;250
191;-4.92;53;928.05;100;172;244
192;-4.93;53;928.02;100;172;244
192;-4.94;53;927.97;96;163;237
192;-4.94;53;927.98;94;160;238
192;-4.93;53;927.97;88;151;213
191;-4.91;53;928.04;87;147;201
191;-4.93;53;928.05;88;148;199
193;-4.94;53;927.83;88;147;202
198;-4.97;53;927.28;85;144;196
203;-4.95;53;926.75;85;145;199
210;-4.93;53;925.97;78;132;175
217;-4.93;53;925.14;76;127;172
226;-4.98;53;924.18;67;105;144
233;-4.98;52;923.41;61;93;129
241;-4.95;52;922.47;49;75;109
250;-4.95;53;921.54;46;69;102
258;-4.99;53;920.58;39;58;82
265;-4.93;53;919.78;39;58;82
273;-4.96;53;918.92;51;82;117
281;-4.96;53;918.01;51;82;117
288;-4.96;53;917.30;73;121;157
289;-4.96;53;917.14;78;127;163
289;-4.96;53;917.23;100;168;214
288;-4.96;53;917.23;102;171;219
288;-4.92;53;917.33;94;159;217
287;-4.92;53;917.38;94;159;217
287;-4.92;53;917.43;91;157;214
287;-4.93;53;917.45;91;157;219
286;-4.93;53;917.46;91;159;217
286;-4.93;53;917.46;91;159;217
287;-4.94;53;917.42;91;160;226
287;-4.94;53;917.39;91;160;226
287;-4.95;53;917.43;93;163;229
287;-4.94;53;917.44;94;169;229
286;-4.92;53;917.45;96;169;231
286;-4.92;53;917.45;96;169;237
286;-4.95;53;917.48;91;160;235
286;-4.95;53;917.48;93;163;238
287;-4.95;53;917.44;91;165;235
286;-4.92;53;917.52;94;163;226
286;-4.92;53;917.49;94;163;226
287;-4.93;53;917.42;97;169;222
286;-4.92;53;917.48;97;169;222
286;-4.95;53;917.46;100;174;222
286;-4.96;53;917.45;100;175;222
287;-4.97;53;917.43;100;172;220
287;-4.96;53;917.39;97;175;229
286;-4.96;53;917.45;96;171;246
287;-4.97;53;917.42;97;169;244
287;-4.95;53;917.44;97;174;259
286;-4.95;53;917.46;94;168;250
287;-4.97;53;917.42;96;169;247
287;-4.97;53;917.41;96;175;259
286;-4.94;53;917.48;96;175;252
287;-4.95;53;917.44;99;177;255
287;-4.98;53;917.43;97;172;238
287;-4.98;53;917.41;94;174;238
287;-4.97;53;917.42;93;166;237
286;-4.98;53;917.45;93;163;234
286;-4.95;53;917.50;91;163;229
286;-4.96;53;917.47;93;157;225
286;-5.00;53;917.47;94;162;229
287;-4.99;53;917.41;94;156;220
286;-4.97;53;917.46;94;165;217
286;-4.97;53;917.52;93;163;220
287;-5.00;53;917.41;91;169;234
286;-4.99;53;917.46;94;175;247
286;-4.97;53;917.48;94;172;241
286;-4.98;53;917.46;94;169;241
286;-5.00;53;917.45;94;166;238
287;-5.01;53;917.44;96;166;241
287;-5.01;53;917.45;94;166;238
287;-5.01;53;917.40;94;166;238
286;-5.05;53;917.46;94;166;232
292;-5.05;53;916.86;90;162;223
302;-5.03;53;915.68;79;139;208
314;-5.05;53;914.43;73;127;190
326;-5.07;53;913.10;57;94;144
337;-5.09;52;911.88;54;87;133
348;-5.06;53;910.60;52;88;133
360;-5.07;52;909.36;54;91;130
374;-5.11;52;907.76;58;100;138
384;-5.07;51;906.69;61;103;139
385;-5.11;51;906.58;55;90;118
384;-5.10;51;906.73;55;90;117
383;-5.11;51;906.85;54;90;118
383;-5.11;51;906.81;55;91;118
382;-5.12;51;906.94;55;90;117
382;-5.12;51;906.94;55;90;117
381;-5.11;51;906.98;52;87;133
381;-5.12;50;907.00;52;87;130
381;-5.13;50;906.98;52;79;120
381;-5.13;50;907.00;52;78;120
382;-5.13;50;906.96;52;82;115
381;-5.14;50;907.00;52;82;115
381;-5.12;50;907.01;52;82;114
381;-5.11;50;907.01;52;82;114
381;-5.10;50;907.03;52;85;115
381;-5.12;50;907.03;52;87;115
381;-5.15;50;906.99;54;88;117
381;-5.15;50;907.01;54;88;115
381;-5.15;50;906.97;52;90;115
382;-5.13;50;907.00;54;91;115
382;-5.16;50;906.96;55;97;118
382;-5.16;50;906.92;54;94;118
381;-5.14;50;907.01;55;99;121
381;-5.15;50;906.98;55;99;123
382;-5.16;50;906.96;55;94;124
382;-5.16;50;906.96;57;97;127
381;-5.14;50;907.01;57;99;124
381;-5.14;50;907.03;57;99;124
381;-5.16;50;906.97;58;99;129
381;-5.17;50;907.01;58;100;130
381;-5.16;50;907.05;55;91;115
381;-5.16;50;907.00;55;88;115
381;-5.18;50;906.99;54;84;112
381;-5.18;50;906.99;52;82;111
381;-5.15;50;907.05;54;84;115
381;-5.15;50;907.04;55;88;120
381;-5.16;50;907.00;57;88;120
381;-5.17;50;907.03;57;88;120
382;-5.19;50;906.96;58;88;124
381;-5.19;50;906.96;55;85;121
381;-5.19;50;907.00;52;82;118
381;-5.20;50;906.99;51;81;118
381;-5.19;50;906.99;52;81;115
381;-5.17;50;906.98;52;81;115
382;-5.19;50;906.95;52;81;124
381;-5.20;50;906.98;54;82;123
381;-5.17;50;907.01;52;87;130
381;-5.17;50;907.02;52;87;130
381;-5.20;50;906.98;51;88;120
382;-5.21;49;906.97;51;88;120
381;-5.19;49;906.99;52;85;117
381;-5.18;49;907.02;52;85;117
386;-5.22;49;906.51;52;88;114
397;-5.24;49;905.28;52;90;115
409;-5.21;49;903.90;49;82;114
420;-5.22;48;902.71;49;82;114
433;-5.26;48;901.37;42;67;96
445;-5.27;47;900.12;39;63;91
456;-5.23;47;898.78;19;30;34
468;-5.23;47;897.53;16;25;27
479;-5.27;47;896.36;19;34;49
479;-5.24;47;896.31;21;39;54
479;-5.24;47;896.32;36;58;82
479;-5.20;46;896.44;39;63;91
478;-5.23;46;896.42;43;67;96
477;-5.22;46;896.49;43;69;96
477;-5.20;46;896.51;42;66;94
477;-5.17;46;896.57;42;66;94
477;-5.20;46;896.57;40;64;93
477;-5.20;46;896.57;40;64;93
477;-5.19;46;896.54;39;61;85
476;-5.18;46;896.60;39;63;90
476;-5.15;46;896.65;40;66;97
476;-5.15;46;896.63;42;67;103
476;-5.16;46;896.59;42;69;103
477;-5.16;46;896.56;42;69;103
476;-5.12;46;896.62;42;67;99
476;-5.11;46;896.60;43;67;99
477;-5.14;46;896.56;46;72;100
477;-5.14;46;896.59;46;73;103
476;-5.11;46;896.69;48;76;105
476;-5.11;46;896.61;48;78;109
476;-5.12;46;896.61;48;78;111
476;-5.12;46;896.66;48;78;111
476;-5.11;46;896.61;49;78;109
476;-5.11;46;896.60;48;78;112
476;-5.07;46;896.67;49;79;118
476;-5.08;46;896.67;48;79;117
476;-5.09;46;896.63;48;79;117
476;-5.07;46;896.61;48;79;114
476;-5.06;46;896.64;48;79;114
476;-5.06;46;896.64;48;79;114
476;-5.09;46;896.59;49;79;114
477;-5.09;46;896.58;51;81;114
476;-5.08;46;896.64;49;79;117
477;-5.08;46;896.58;51;82;117
476;-5.09;46;896.60;51;82;114
476;-5.08;46;896.61;51;79;115
476;-5.08;46;896.62;51;81;115
477;-5.08;46;896.55;51;81;115
475;-5.06;46;896.71;51;84;114
476;-5.06;46;896.65;51;85;114
476;-5.08;46;896.61;49;87;114
476;-5.07;46;896.62;49;88;114
476;-5.06;46;896.65;49;85;115
476;-5.07;46;896.65;49;85;115
476;-5.08;46;896.59;51;82;115
476;-5.07;46;896.67;51;84;118
476;-5.06;46;896.62;51;85;114
476;-5.07;46;896.62;52;90;117
476;-5.07;46;896.67;51;91;117
476;-5.07;46;896.60;51;91;117
476;-5.03;46;896.68;51;84;115
476;-5.04;46;896.68;51;84;117
476;-5.05;46;896.62;49;79;118
476;-5.05;46;896.67;49;78;117
476;-5.06;46;896.63;49;81;121
476;-5.07;46;896.62;49;81;121
469;-5.06;46;897.38;49;81;118
461;-5.04;46;898.29;49;81;118
451;-5.06;46;899.41;46;76;109
443;-5.03;45;900.26;43;75;106
436;-5.04;45;901.01;36;61;81
431;-5.04;45;901.50;33;58;73
422;-5.03;45;902.58;22;43;49
418;-5.03;45;902.97;22;43;49
407;-5.01;45;904.23;19;37;43
400;-4.98;45;904.96;19;37;43
392;-4.97;45;905.81;18;31;36
386;-4.97;45;906.50;22;36;40
378;-4.97;45;907.40;34;54;67
371;-4.96;46;908.17;36;60;76
363;-4.96;46;909.02;42;67;90
355;-4.93;46;909.89;42;67;90
348;-4.93;46;910.66;43;70;96
340;-4.94;47;911.54;43;70;96
332;-4.93;48;912.41;48;76;106
325;-4.94;48;913.21;51;79;111
316;-4.91;49;914.14;58;97;123
310;-4.93;49;914.90;60;102;127
302;-4.93;49;915.69;61;103;129
295;-4.94;49;916.52;58;97;120
288;-4.96;49;917.30;55;88;112
277;-4.96;49;918.50;54;85;111
269;-4.96;50;919.34;55;85;112
261;-4.96;50;920.29;61;100;130
254;-4.99;50;921.10;61;100;130
245;-5.05;51;922.07;70;117;163
236;-5.08;51;923.05;69;115;169
227;-5.07;51;924.12;70;115;162
218;-5.10;51;925.03;70;118;171
209;-5.13;51;926.08;70;115;163
201;-5.14;51;926.97;67;115;157
190;-5.13;51;928.17;66;114;162
182;-5.12;51;929.04;67;115;166
173;-5.10;51;930.11;79;135;187
166;-5.06;52;930.86;84;142;196
159;-5.09;52;931.65;90;154;222
153;-5.10;53;932.40;90;154;222
143;-5.05;54;933.52;105;178;265
135;-5.04;55;934.42;105;178;265
126;-5.14;55;935.35;112;202;307
117;-5.20;56;936.43;112;202;307
106;-5.18;57;937.64;148;270;429
97;-5.26;57;938.68;159;297;469
86;-5.37;58;939.93;199;373;610
76;-5.43;58;941.08;208;391;628
62;-5.38;59;942.61;223;415;648
60;-5.44;59;942.81;225;412;663
59;-5.45;59;942.97;223;424;664
55;-5.50;59;943.45;222;414;654
52;-5.86;59;943.73;204;394;607
43;-5.88;59;944.77;201;387;585
34;-6.08;60;945.80;199;379;592
22;-6.13;60;947.11;202;382;588
16;-6.09;60;947.85;208;396;609
11;-6.14;60;948.44;205;391;607
6;-6.08;61;948.94;220;411;625
7;-6.18;61;948.92;229;421;645
6;-6.07;61;948.96;241;436;673
6;-6.08;61;948.98;247;453;702
6;-6.03;61;949.02;259;483;745
9;-6.31;62;948.59;252;474;732
9;-6.23;62;948.67;249;463;724
7;-6.06;62;948.91;249;463;724
-2;-5.37;62;949.90;235;444;697
-2;-5.35;62;949.90;235;444;697
-2;-5.32;62;949.91;235;448;705
-1;-5.32;62;949.82;235;450;709
-2;-5.31;62;949.86;235;439;706
-2;-5.31;62;949.88;235;435;688
-2;-5.30;62;949.84;235;445;688
-2;-5.29;62;949.88;235;445;685
-2;-5.29;62;949.86;234;448;691
-2;-5.28;62;949.88;234;448;691
-2;-5.28;62;949.93;232;448;687
-2;-5.27;62;949.88;232;448;687
-2;-5.27;62;949.86;229;444;706
-2;-5.26;62;949.88;229;444;706
-2;-5.26;62;949.88;229;439;703
-2;-5.26;62;949.86;229;439;703
-2;-5.24;62;949.90;229;439;700
-2;-5.24;62;949.93;229;438;696
-2;-5.24;62;949.89;235;441;684
-2;-5.24;62;949.90;237;441;678
-2;-5.24;62;949.90;241;444;714
-3;-5.23;62;949.92;241;444;714
-2;-5.23;62;949.92;241;454;714
-3;-5.22;62;949.95;241;454;714
-3;-5.22;62;949.95;241;454;709
-3;-5.22;62;949.95;241;454;709
-2;-5.22;62;949.91;240;457;730
-2;-5.21;62;949.90;240;457;730
-2;-5.19;62;949.89;243;457;727
-2;-5.19;62;949.91;243;457;727
6;-5.81;62;948.95;243;460;733
6;-5.78;62;949.00;243;460;733
6;-5.77;62;949.01;241;454;729
1;-5.39;62;949.53;241;454;729
1;-5.39;62;949.52;241;457;733
1;-5.36;62;949.55;241;457;733
1;-5.33;62;949.59;238;463;729
2;-5.39;62;949.45;238;463;729
1;-5.35;62;949.55;235;448;669
2;-5.42;62;949.39;232;439;669
2;-5.42;62;949.43;229;430;690
1;-5.31;62;949.56;229;433;703
1;-5.35;62;949.52;240;439;736
1;-5.34;62;949.53;240;439;736
3;-5.44;62;949.32;238;442;715
2;-5.39;62;949.43;238;442;715
3;-5.40;62;949.35;237;441;691
3;-5.43;62;949.26;235;439;679
-1;-5.42;62;949.72;232;447;685
0;-5.40;62;949.68;238;459;696
4;-5.46;62;949.15;271;528;790
1;-5.47;62;949.48;276;538;819
4;-5.52;62;949.19;286;553;843
2;-5.55;62;949.42;286;553;843
2;-5.60;62;949.39;289;567;871
1;-5.50;62;949.52;289;567;871
1;-5.52;63;949.57;286;550;844
1;-5.57;63;949.55;286;550;844
0;-5.61;63;949.68;280;538;832
0;-5.68;64;949.68;280;538;832
0;-5.77;64;949.60;280;544;835
3;-5.82;64;949.32;280;544;835
1;-5.87;64;949.52;282;547;826
3;-5.92;64;949.35;282;547;826
2;-5.96;65;949.48;282;544;817
0;-5.96;65;949.65;282;544;817
3;-6.04;65;949.34;285;553;847
2;-6.08;65;949.40;288;568;856
1;-6.10;65;949.55;291;577;870
0;-6.12;65;949.67;294;583;892
0;-6.14;65;949.60;304;610;918
1;-6.18;65;949.50;306;604;919
0;-6.21;65;949.61;295;583;897
0;-6.22;65;949.69;295;583;897
0;-6.27;65;949.59;295;571;871
1;-6.29;65;949.49;295;571;871
1;-6.29;66;949.48;273;514;787
2;-6.34;66;949.47;265;499;775
1;-6.34;66;949.48;274;514;781
2;-6.39;66;949.44;277;522;790
2;-6.40;66;949.47;303;601;889
5;-6.42;67;949.12;307;616;892
12;-6.42;67;948.26;283;556;798
18;-6.46;67;947.57;271;526;775
21;-6.52;67;947.23;213;385;577
27;-6.48;67;946.61;204;367;552
35;-6.51;67;945.71;189;346;532
40;-6.52;67;945.14;189;346;532
46;-6.59;67;944.45;192;339;514
53;-6.60;67;943.68;184;328;493
60;-6.60;67;942.84;151;250;376
67;-6.64;67;942.01;145;235;351
75;-6.59;67;941.09;144;235;343
83;-6.58;67;940.29;153;252;361
90;-6.59;67;939.46;154;262;385
92;-6.55;67;939.22;154;262;385
92;-6.55;67;939.26;193;358;535
94;-6.54;68;939.03;198;381;583
94;-6.56;68;938.97;253;498;801
94;-6.57;68;939.04;270;529;841
94;-6.59;68;939.02;286;571;916
94;-6.62;68;939.02;286;571;916
94;-6.63;68;938.94;282;565;912
94;-6.63;68;938.99;282;565;912
94;-6.63;69;938.99;277;559;880
94;-6.66;69;938.95;277;559;880
94;-6.65;69;938.99;277;559;874
94;-6.66;69;938.99;277;559;874
94;-6.66;69;939.01;279;568;877
93;-6.66;69;939.08;280;565;882
94;-6.67;69;938.99;286;570;903
94;-6.67;69;939.00;283;568;909
94;-6.67;69;938.99;286;559;910
94;-6.69;69;938.95;286;559;910
94;-6.71;69;939.01;285;559;913
93;-6.68;69;939.05;285;559;913
94;-6.71;69;938.98;280;565;910
94;-6.71;69;938.95;280;565;910
94;-6.70;69;938.96;282;562;900
94;-6.71;69;939.03;282;562;900
94;-6.71;70;938.96;280;555;898
94;-6.69;70;938.98;280;555;898
94;-6.71;70;938.98;280;562;882
94;-6.70;70;938.97;277;564;892
94;-6.70;70;939.01;274;553;864
94;-6.70;70;938.95;276;558;865
93;-6.69;70;939.08;271;556;895
94;-6.71;70;938.94;271;556;895
94;-6.71;70;939.01;270;558;868
94;-6.72;70;939.00;270;558;868
94;-6.72;70;939.04;273;562;888
94;-6.72;70;938.97;273;562;888
94;-6.70;70;939.04;271;562;883
94;-6.73;70;938.96;271;562;883
94;-6.73;70;939.00;268;556;870
93;-6.71;70;939.06;268;556;870
94;-6.73;70;938.99;273;558;850
93;-6.74;70;939.05;273;558;850
94;-6.72;70;938.98;274;555;889
94;-6.74;70;939.02;274;555;889
93;-6.73;70;939.06;273;547;871
93;-6.72;70;938.99;273;547;871
94;-6.74;70;938.95;276;544;880
94;-6.74;70;938.98;274;541;865
94;-6.72;70;938.99;276;549;871
96;-6.73;70;938.77;277;541;876
100;-6.75;70;938.35;271;528;850
106;-6.73;70;937.58;213;397;637
114;-6.70;70;936.74;193;357;562
130;-6.73;70;934.98;153;264;396
143;-6.73;70;933.47;133;217;327
157;-6.70;69;931.96;88;142;211
166;-6.68;69;930.89;91;147;217
178;-6.65;68;929.56;73;115;162
190;-6.62;67;928.25;72;112;163
196;-6.53;66;927.52;78;120;157
191;-6.44;65;928.06;73;111;147
191;-6.41;65;928.03;73;120;160
191;-6.37;64;928.10;76;124;160
190;-6.33;63;928.17;79;133;177
190;-6.27;63;928.23;79;133;177
189;-6.20;62;928.28;81;139;181
189;-6.18;62;928.28;81;139;181
190;-6.12;61;928.25;84;142;193
189;-6.07;61;928.29;84;142;193
189;-6.01;61;928.35;85;148;199
189;-5.99;60;928.34;85;148;199
189;-5.94;60;928.34;87;151;196
189;-5.90;60;928.29;87;151;196
189;-5.84;59;928.35;88;154;202
189;-5.84;59;928.30;87;154;199
189;-5.78;59;928.34;84;156;214
189;-5.77;59;928.35;85;154;214
188;-5.74;59;928.37;88;159;220
188;-5.70;58;928.37;90;157;220
189;-5.70;58;928.34;90;159;214
189;-5.67;58;928.34;90;159;214
189;-5.62;58;928.35;90;154;211
189;-5.62;58;928.36;91;154;217
189;-5.61;57;928.36;85;147;208
188;-5.57;57;928.39;85;151;211
189;-5.58;57;928.31;87;151;207
189;-5.55;57;928.30;85;151;211
189;-5.54;57;928.34;88;153;210
189;-5.52;57;928.32;88;153;210
189;-5.51;57;928.34;87;150;211
189;-5.50;57;928.34;87;148;214
188;-5.48;56;928.38;85;145;216
188;-5.46;56;928.39;85;145;207
188;-5.44;56;928.39;91;160;229
188;-5.44;56;928.37;93;162;228
189;-5.42;56;928.34;93;163;229
189;-5.41;56;928.35;93;163;229
188;-5.38;56;928.39;93;162;229
189;-5.38;56;928.35;93;162;229
188;-5.39;56;928.38;94;166;235
189;-5.38;56;928.33;94;160;223
189;-5.36;56;928.32;100;169;240
189;-5.35;56;928.34;103;171;241
188;-5.35;56;928.41;103;172;243
188;-5.34;56;928.40;102;168;238
189;-5.35;56;928.36;99;166;232
188;-5.34;55;928.38;99;166;232
188;-5.32;55;928.37;96;159;232
189;-5.32;55;928.36;96;159;232
188;-5.33;55;928.41;97;159;232
194;-5.32;55;927.70;97;159;232
205;-5.32;55;926.48;84;141;219
216;-5.31;55;925.27;78;127;196
232;-5.31;55;923.63;51;79;117
242;-5.31;55;922.42;48;73;108
255;-5.29;56;920.97;42;69;91
266;-5.29;56;919.71;42;69;91
281;-5.30;56;918.01;43;70;100
289;-5.29;55;917.20;45;70;102
287;-5.27;54;917.44;46;75;109
286;-5.27;54;917.47;43;72;105
286;-5.24;53;917.54;42;70;99
285;-5.24;53;917.63;40;69;97
285;-5.26;53;917.63;39;66;97
284;-5.25;52;917.69;39;66;97
284;-5.26;52;917.70;40;67;100
284;-5.23;52;917.71;40;67;100
284;-5.24;52;917.75;40;66;94
284;-5.25;52;917.76;40;66;94
284;-5.26;51;917.72;40;66;96
284;-5.25;51;917.74;40;66;96
284;-5.26;51;917.74;40;67;99
284;-5.26;51;917.75;40;67;99
283;-5.23;51;917.86;40;66;93
284;-5.24;51;917.77;42;66;93
283;-5.25;51;917.79;42;69;94
284;-5.26;51;917.77;42;69;97
284;-5.25;51;917.75;43;69;97
284;-5.26;51;917.74;43;69;97
284;-5.24;51;917.75;43;69;94
284;-5.26;51;917.71;43;67;96
284;-5.24;51;917.76;43;67;93
284;-5.23;51;917.76;42;66;93
284;-5.24;51;917.72;40;63;90
284;-5.24;51;917.76;40;63;84
283;-5.22;51;917.81;39;61;79
284;-5.22;51;917.76;39;61;79
284;-5.24;51;917.71;39;58;78
284;-5.23;51;917.75;39;58;78
284;-5.23;50;917.73;39;60;79
284;-5.23;50;917.75;39;58;81
284;-5.21;50;917.78;37;58;79
284;-5.22;50;917.77;37;58;79
284;-5.23;50;917.75;36;55;78
284;-5.23;50;917.73;36;57;81
284;-5.22;50;917.76;36;54;76
284;-5.23;50;917.75;36;52;75
284;-5.21;50;917.76;36;52;69
284;-5.22;50;917.77;36;52;69
284;-5.22;50;917.77;34;52;67
284;-5.22;50;917.72;34;52;67
284;-5.22;50;917.76;33;49;67
284;-5.20;50;917.76;33;49;67
283;-5.19;50;917.79;34;51;70
283;-5.20;50;917.80;34;51;70
283;-5.21;50;917.80;33;49;67
284;-5.21;50;917.74;33;49;67
283;-5.22;50;917.84;31;45;61
285;-5.21;50;917.58;31;45;61
297;-5.22;50;916.32;34;51;70
309;-5.22;51;914.99;34;54;75
319;-5.19;51;913.81;40;63;87
335;-5.19;52;912.05;46;73;100
347;-5.18;52;910.81;58;100;129
360;-5.19;52;909.31;58;100;129
373;-5.22;52;907.95;58;100;126
385;-5.24;51;906.60;60;103;130
382;-5.21;51;906.96;46;75;102
381;-5.25;51;906.97;45;72;100
381;-5.22;51;907.07;46;76;105
380;-5.24;51;907.14;46;76;105
380;-5.26;50;907.14;46;76;103
379;-5.23;50;907.28;46;76;103
379;-5.23;50;907.28;48;75;103
378;-5.24;50;907.32;48;75;103
378;-5.25;50;907.35;46;72;100
378;-5.25;49;907.34;46;72;100
378;-5.27;49;907.32;45;72;100
379;-5.29;49;907.29;43;70;99
378;-5.27;49;907.35;43;70;96
378;-5.29;49;907.35;43;70;96
378;-5.27;49;907.34;43;70;96
378;-5.26;49;907.39;43;70;96
379;-5.30;49;907.26;45;69;93
378;-5.28;49;907.39;45;69;93
378;-5.29;49;907.31;45;72;93
377;-5.30;49;907.41;45;72;93
378;-5.30;49;907.37;45;70;94
378;-5.28;49;907.40;45;70;94
377;-5.28;49;907.42;45;70;96
377;-5.30;48;907.43;45;72;96
378;-5.31;48;907.40;43;69;96
377;-5.30;48;907.45;43;69;97
378;-5.32;48;907.40;45;73;100
378;-5.31;48;907.38;45;73;100
378;-5.32;48;907.40;46;75;105
378;-5.32;48;907.38;46;75;105
378;-5.33;48;907.38;48;76;106
378;-5.33;48;907.34;48;78;108
378;-5.33;48;907.37;49;78;114
378;-5.34;48;907.38;49;82;115
377;-5.33;48;907.43;49;85;115
378;-5.32;48;907.40;49;87;120
378;-5.34;48;907.41;49;84;114
378;-5.34;48;907.37;49;79;112
377;-5.36;48;907.41;51;82;112
378;-5.36;48;907.37;51;82;108
377;-5.34;48;907.42;51;81;108
378;-5.37;48;907.40;52;84;111
377;-5.34;48;907.43;51;87;112
377;-5.36;48;907.44;51;85;112
377;-5.37;48;907.45;51;90;117
377;-5.37;48;907.42;51;88;115
377;-5.38;48;907.43;49;85;115
377;-5.37;48;907.41;49;85;115
377;-5.39;48;907.42;51;85;112
378;-5.40;48;907.34;51;84;115
377;-5.40;48;907.41;51;85;114
384;-5.36;48;906.72;51;81;109
398;-5.39;49;905.13;46;73;105
410;-5.38;49;903.88;46;73;105
421;-5.40;48;902.67;37;61;90
430;-5.40;48;901.63;36;60;88
443;-5.41;47;900.28;30;51;75
454;-5.42;47;898.98;30;51;75
473;-5.42;47;896.94;25;45;52
472;-5.38;47;897.09;25;45;52
472;-5.37;47;897.03;19;34;48
471;-5.37;46;897.15;19;36;48
471;-5.40;46;897.21;22;40;61
470;-5.37;46;897.26;25;43;67
470;-5.41;46;897.28;27;48;72
470;-5.39;46;897.34;27;48;73
469;-5.39;46;897.36;27;48;70
470;-5.38;46;897.31;28;46;70
469;-5.38;46;897.41;27;45;66
469;-5.38;46;897.42;27;45;64
469;-5.38;46;897.37;24;45;64
469;-5.36;46;897.39;24;43;61
470;-5.39;46;897.34;22;39;52
469;-5.37;46;897.37;22;36;51
469;-5.36;46;897.40;22;36;51
469;-5.37;46;897.43;22;36;49
469;-5.35;46;897.43;22;37;49
469;-5.38;46;897.39;21;39;51
470;-5.41;46;897.35;22;39;54
469;-5.37;46;897.38;22;37;52
470;-5.41;46;897.31;22;34;51
470;-5.40;46;897.34;22;36;52
469;-5.37;46;897.39;21;36;54
469;-5.34;45;897.44;21;34;51
469;-5.38;45;897.39;19;33;46
469;-5.35;45;897.42;19;33;48
469;-5.34;45;897.41;18;33;45
469;-5.37;45;897.38;18;34;43
469;-5.36;45;897.39;19;40;46
469;-5.37;45;897.38;21;40;48
469;-5.37;45;897.41;21;40;46
469;-5.36;45;897.42;21;37;48
468;-5.34;45;897.46;19;39;49
468;-5.34;45;897.48;21;42;52
468;-5.33;45;897.47;21;39;52
469;-5.36;45;897.41;21;39;54
469;-5.38;45;897.39;22;43;55
469;-5.36;45;897.46;22;40;52
469;-5.35;45;897.46;22;40;54
469;-5.37;45;897.41;22;42;54
469;-5.35;45;897.46;22;39;51
468;-5.34;45;897.47;22;37;48
469;-5.34;45;897.44;22;36;48
468;-5.32;45;897.47;22;36;48
469;-5.38;45;897.40;24;36;45
468;-5.35;45;897.48;22;33;40
458;-5.33;45;898.60;21;33;39
455;-5.30;45;898.98;21;30;39
444;-5.29;45;900.06;21;30;37
436;-5.30;45;901.01;19;27;36
425;-5.27;45;902.26;19;27;37
421;-5.27;45;902.94;18;25;37
412;-5.24;45;903.58;18;25;36
403;-5.24;45;904.61;16;22;31
396;-5.25;45;905.38;15;22;31
389;-5.25;45;906.15;15;22;31
381;-5.21;46;907.02;19;28;45
374;-5.20;46;907.75;21;31;52
367;-5.22;46;908.61;33;49;79
359;-5.20;47;909.47;34;54;87
352;-5.22;47;910.25;42;67;99
344;-5.21;47;911.14;45;69;100
333;-5.17;48;912.31;46;70;105
326;-5.20;48;913.05;46;72;105
320;-5.20;49;913.79;49;75;109
313;-5.20;49;914.56;51;78;111
304;-5.19;50;915.54;61;97;142
297;-5.20;50;916.31;64;108;154
288;-5.19;51;917.20;82;142;210
282;-5.20;51;917.92;85;151;219
274;-5.17;52;918.84;88;150;214
268;-5.18;51;919.54;88;150;213
258;-5.17;51;920.59;70;120;180
253;-5.18;51;921.16;64;108;157
245;-5.19;50;922.02;45;72;109
239;-5.18;50;922.74;40;67;103
227;-5.16;50;924.07;39;64;88
219;-5.15;50;924.94;37;63;85
209;-5.15;50;926.07;36;63;85
201;-5.16;50;926.92;36;60;87
194;-5.14;50;927.79;36;61;93
186;-5.13;49;928.59;36;60;93
175;-5.13;50;929.86;40;67;97
168;-5.13;50;930.66;45;73;106
159;-5.12;51;931.65;52;88;127
151;-5.12;51;932.62;52;88;127
143;-5.10;51;933.49;73;127;181
135;-5.11;52;934.41;79;136;196
124;-5.16;53;935.78;111;199;298
116;-5.14;54;936.52;115;208;310
106;-5.18;55;937.58;165;312;463
98;-5.20;56;938.48;181;348;529
93;-5.21;56;939.11;228;442;667
90;-5.23;57;939.48;238;469;696
90;-5.29;58;939.41;232;451;676
90;-5.34;58;939.39;220;424;637
91;-5.40;59;939.36;199;361;550
91;-5.43;59;939.30;198;355;568
88;-5.47;59;939.63;199;351;567
82;-5.53;60;940.39;202;361;589
76;-5.54;60;941.04;225;418;657
72;-5.56;60;941.43;228;430;669
67;-5.58;60;942.03;235;468;718
64;-5.66;61;942.33;232;465;682
62;-5.69;61;942.55;226;450;682
58;-5.75;61;943.05;229;448;679
51;-5.77;62;943.82;226;441;669
46;-5.91;62;944.40;226;441;669
43;-6.03;62;944.81;223;427;663
40;-6.07;62;945.16;223;427;663
38;-6.14;62;945.28;223;421;642
34;-6.13;62;945.81;219;414;631
29;-6.24;62;946.32;213;414;645
17;-6.17;62;947.74;208;408;637
14;-6.18;62;948.04;208;406;649
8;-6.21;62;948.75;208;406;649
0;-6.25;63;949.60;216;415;658
-2;-6.27;63;949.84;216;415;658
-2;-6.22;63;949.89;228;427;682
-2;-6.24;63;949.85;228;427;682
-4;-6.00;63;950.15;237;438;688
-4;-5.99;63;950.15;238;438;682
-4;-5.96;63;950.13;240;445;682
-5;-5.94;63;950.18;240;444;673
-5;-5.90;63;950.20;232;435;676
-5;-5.87;64;950.19;232;435;676
-5;-5.84;64;950.20;226;430;685
-4;-5.81;64;950.15;226;430;685
-4;-5.75;64;950.11;229;430;676
-5;-5.69;64;950.20;229;430;676
-5;-5.59;64;950.20;226;424;670
-5;-5.52;64;950.21;226;424;670
-5;-5.40;65;950.19;220;414;682
-5;-5.33;65;950.17;220;414;682
-5;-5.20;66;950.19;217;399;643
-5;-5.11;66;950.21;217;399;643
-5;-4.99;67;950.17;211;382;610
-4;-4.89;68;950.15;211;382;610
-5;-4.75;68;950.17;204;373;589
-5;-4.64;68;950.20;204;373;589
-5;-4.34;69;950.18;204;373;589
-5;-4.23;71;950.17;199;370;579
-5;-4.10;72;950.20;199;370;579
-5;-3.88;73;950.19;202;376;580
-5;-3.74;73;950.22;205;385;591
-5;-3.51;73;950.22;207;402;619
-5;-3.36;74;950.20;207;402;619
-5;-3.25;75;950.17;226;442;688
-5;-3.11;75;950.22;231;451;700
-5;-2.97;75;950.17;238;472;780
-5;-2.83;75;950.21;240;472;760
-5;-2.70;75;950.21;244;484;805
-5;-2.56;75;950.23;244;484;805
-5;-2.43;75;950.26;250;490;817
-5;-2.31;75;950.24;250;490;817
-5;-2.13;75;950.21;253;496;813
-5;-2.00;75;950.22;253;496;813
-5;-1.83;75;950.20;256;496;814
-5;-1.71;75;950.22;256;496;814
-5;-1.54;75;950.20;259;499;829
-5;-1.43;75;950.19;259;499;829
-5;-1.30;75;950.19;261;536;853
-5;-1.13;75;950.20;261;536;859
-5;-1.02;76;950.19;275;584;931
-5;-0.92;76;950.19;281;593;943
-5;-0.79;76;950.20;283;582;933
-5;-0.68;76;950.19;291;598;958
-5;-0.26;77;950.22;286;594;954
-5;-0.23;78;950.20;286;594;954
-5;-0.01;79;950.18;285;595;968
-5;0.12;79;950.17;285;595;968
-5;0.28;79;950.18;281;598;988
-5;0.39;80;950.18;284;607;1015
-5;0.52;80;950.18;289;632;1096
-5;0.65;80;950.18;288;633;1092
-5;0.85;80;950.23;288;636;1061
-5;1.03;80;950.19;289;636;1061
-5;1.26;80;950.21;289;632;1038
-5;1.51;80;950.18;288;630;1035
-5;1.79;80;950.23;283;616;1006
-5;1.91;80;950.26;283;616;1006
-5;2.07;80;950.24;282;614;1000
-5;2.15;80;950.25;282;614;1000
-5;2.31;80;950.27;279;591;979
-5;2.42;80;950.21;279;591;979
-5;2.60;80;950.20;285;583;945
-5;2.70;80;950.21;281;575;932
-5;2.79;80;950.18;273;552;889
-5;2.91;80;950.22;273;552;889
-5;3.10;79;950.19;273;540;847
-5;3.23;79;950.21;273;540;847
-5;3.36;79;950.22;266;516;815
-5;3.46;79;950.23;266;516;815
-5;3.59;79;950.21;263;505;797
-5;3.69;79;950.18;263;505;797
-5;3.89;78;950.22;258;503;790
-5;3.94;78;950.20;258;503;790
