Seconds;Altitude_m;Temperature_degC;Humidity_%;Pressure_hPa;PM1_ug/m3;PM2.5_ug/m3;PM10_ug/m3
5;0;14.38;23;930.63;28;36;41
8;0;14.44;23;930.63;28;38;43
10;0;14.48;23;930.64;31;42;51
12;0;14.53;23;930.64;32;43;52
15;0;14.56;24;930.65;31;43;52
17;0;14.58;24;930.62;34;46;61
19;0;14.61;24;930.64;35;47;58
21;0;14.64;24;930.65;35;47;58
24;0;14.66;24;930.70;35;47;58
27;0;14.67;24;930.64;33;44;56
29;0;14.70;24;930.61;33;44;56
32;0;14.71;24;930.62;31;42;53
34;1;14.72;24;930.60;31;41;53
37;1;14.73;24;930.60;28;39;50
39;0;14.74;24;930.61;28;39;50
42;0;14.76;24;930.62;25;36;45
44;0;14.77;24;930.61;25;36;45
47;0;14.76;24;930.62;25;34;44
49;1;14.77;23;930.58;25;34;44
52;1;14.79;23;930.59;23;36;47
54;0;14.80;23;930.61;23;37;47
56;0;14.82;24;930.64;24;37;48
58;0;14.84;25;930.61;24;37;49
61;0;14.84;26;930.63;23;34;46
63;0;14.85;26;930.65;23;34;46
66;0;14.83;25;930.62;23;34;47
68;0;14.84;25;930.61;23;34;47
70;0;14.84;24;930.61;25;36;49
73;0;14.85;24;930.63;26;38;50
75;0;14.87;24;930.66;28;41;51
77;0;14.89;23;930.67;28;42;53
79;0;14.91;23;930.64;29;42;51
82;0;14.95;23;930.66;29;42;51
84;0;14.99;23;930.65;30;43;53
86;0;15.02;23;930.64;31;44;53
88;0;15.05;23;930.64;30;43;52
91;0;15.08;23;930.61;30;44;53
93;0;15.11;23;930.61;29;40;51
95;0;15.13;23;930.62;29;40;51
98;0;15.17;23;930.62;28;39;49
100;0;15.18;23;930.63;28;39;49
103;0;15.20;23;930.65;27;36;45
106;0;15.21;23;930.62;27;36;45
108;0;15.21;23;930.66;26;35;41
110;0;15.23;23;930.67;24;35;42
112;0;15.24;23;930.63;23;33;39
115;0;15.25;23;930.63;23;34;39
117;0;15.27;23;930.60;22;32;37
119;1;15.28;23;930.58;22;32;37
122;3;15.24;22;930.30;23;33;42
124;4;15.17;22;930.23;23;33;42
127;3;15.13;22;930.32;23;32;41
129;3;15.22;22;930.33;23;32;41
132;4;15.23;22;930.26;26;36;48
134;4;15.18;22;930.26;28;41;53
136;3;15.16;22;930.35;31;46;59
138;3;15.20;22;930.31;31;46;60
141;3;15.18;21;930.30;31;46;60
143;4;15.24;21;930.26;31;46;60
146;4;15.37;21;930.25;28;42;55
148;3;15.41;21;930.31;27;42;53
151;3;15.42;21;930.31;28;44;55
153;5;15.49;21;930.14;29;44;55
155;5;15.56;22;930.15;33;48;62
157;7;15.55;21;929.88;34;49;65
159;10;15.65;21;929.58;34;47;64
162;13;15.70;21;929.21;34;47;64
165;19;15.78;20;928.49;32;45;62
167;25;15.82;20;927.86;32;45;62
170;32;15.90;20;927.12;30;42;57
172;37;15.96;20;926.53;28;40;53
174;44;16.00;19;925.75;20;30;36
177;50;16.03;19;925.07;18;30;35
179;58;16.06;19;924.22;18;29;32
181;63;16.14;19;923.72;19;29;33
183;70;16.24;19;922.88;22;33;37
186;77;16.27;18;922.09;22;32;36
189;88;16.34;18;920.79;19;28;34
191;96;16.41;18;919.92;19;28;34
193;96;16.49;18;919.90;18;28;33
195;95;16.57;18;920.02;16;24;29
197;95;16.62;18;920.03;16;24;29
200;95;16.71;18;920.01;14;21;24
202;95;16.79;18;920.07;14;21;24
205;94;16.88;18;920.13;13;21;25
207;94;16.94;18;920.12;13;21;25
210;95;17.04;18;920.01;13;19;23
212;95;17.07;18;920.06;13;19;23
215;96;17.18;18;919.93;15;22;26
218;96;17.25;18;919.96;15;23;27
220;96;17.30;18;919.95;18;28;31
222;97;17.37;17;919.82;19;30;32
224;97;17.33;17;919.82;19;30;34
227;98;17.35;17;919.73;19;30;34
230;98;17.31;17;919.72;20;32;38
232;98;17.37;17;919.74;20;31;37
235;97;17.36;17;919.84;20;31;36
237;95;17.46;17;920.06;20;30;35
240;95;17.49;17;920.04;19;28;33
242;94;17.57;17;920.13;19;27;33
245;96;17.61;17;919.92;18;26;32
247;97;17.63;17;919.88;18;25;31
250;94;17.63;17;920.13;19;25;32
253;94;17.68;17;920.12;20;26;33
256;94;17.65;17;920.15;18;25;30
258;94;17.69;17;920.12;18;24;30
261;95;17.76;17;920.04;18;26;31
263;94;17.83;17;920.16;19;26;31
266;95;17.87;17;920.02;18;25;30
268;95;17.90;17;920.04;16;24;28
271;94;17.93;17;920.14;16;23;27
273;95;17.97;16;920.03;15;22;24
276;95;18.02;16;920.05;13;20;22
278;95;18.04;16;920.07;12;18;19
281;95;18.06;16;920.06;10;15;17
284;94;18.09;16;920.13;10;15;17
287;94;18.12;16;920.17;10;15;16
289;95;18.13;16;920.04;10;15;16
292;95;18.16;16;920.00;11;16;17
294;96;18.18;16;919.99;13;17;18
297;96;18.20;16;919.98;13;18;22
299;96;18.21;16;919.94;13;20;24
302;96;18.22;16;919.93;14;20;24
304;96;18.25;16;919.92;14;20;26
307;96;18.28;16;919.90;16;24;30
309;97;18.30;16;919.89;16;24;30
311;96;18.34;16;919.91;17;27;30
313;97;18.38;16;919.88;17;27;30
316;97;18.41;16;919.90;20;32;37
318;97;18.40;16;919.88;20;32;37
321;97;18.39;16;919.84;19;31;35
323;96;18.35;16;919.90;19;30;35
326;97;18.31;16;919.89;19;30;35
328;97;18.30;16;919.88;17;29;33
331;96;18.28;16;919.91;17;28;33
333;96;18.29;16;919.94;17;28;33
336;97;18.30;16;919.86;17;26;34
339;96;18.29;16;919.90;18;26;31
342;97;18.22;16;919.88;18;26;31
344;97;18.26;17;919.88;18;27;33
347;97;18.23;17;919.88;18;27;35
349;97;18.23;17;919.85;20;29;37
352;100;18.21;17;919.53;20;30;40
354;105;18.05;17;918.92;21;30;41
357;116;17.79;17;917.73;21;31;42
359;126;17.62;17;916.67;21;32;42
362;139;17.42;17;915.19;22;32;40
365;149;17.27;17;914.13;22;32;41
368;161;17.09;17;912.73;22;31;39
370;171;16.95;17;911.70;21;31;37
373;183;16.82;17;910.37;22;32;36
375;187;16.67;17;909.89;22;32;39
377;189;16.52;18;909.68;20;30;36
379;190;16.40;18;909.53;20;30;36
382;190;16.63;18;909.51;19;30;38
384;190;16.69;18;909.54;19;30;38
386;190;16.75;18;909.58;20;30;38
388;190;16.75;18;909.57;20;32;38
390;189;16.78;18;909.59;20;33;39
393;190;16.80;18;909.60;20;32;37
395;189;16.79;18;909.61;20;32;37
398;189;16.84;17;909.61;20;31;36
401;190;16.86;17;909.52;20;31;36
404;189;16.94;17;909.62;18;29;33
406;190;17.01;17;909.55;18;29;33
409;190;17.03;17;909.57;16;28;30
411;190;17.10;17;909.60;16;28;30
414;190;17.15;17;909.61;15;24;28
416;190;17.17;17;909.60;16;25;28
419;189;17.21;17;909.64;18;30;36
421;189;17.19;17;909.65;20;32;41
423;189;17.18;17;909.62;20;35;46
425;189;17.17;17;909.63;20;36;48
428;189;17.21;17;909.62;21;36;47
431;189;17.25;17;909.62;22;37;47
434;190;17.30;17;909.58;22;36;47
436;190;17.32;17;909.60;22;36;48
439;190;17.40;17;909.55;21;35;45
441;191;17.44;17;909.45;22;35;45
444;190;17.50;17;909.54;21;34;44
446;190;17.55;16;909.51;20;31;40
449;191;17.59;16;909.48;20;30;38
451;190;17.63;16;909.50;18;29;35
454;192;17.67;16;909.32;17;27;33
456;192;17.68;16;909.35;16;24;30
459;192;17.74;16;909.35;14;21;27
462;192;17.69;16;909.30;13;21;26
465;192;17.68;16;909.32;13;21;26
467;192;17.64;16;909.34;11;18;23
470;192;17.56;16;909.37;11;17;20
472;192;17.65;16;909.35;10;16;19
475;192;17.71;16;909.29;10;17;20
477;191;17.73;16;909.47;10;16;18
480;194;17.76;16;909.08;10;16;18
482;199;17.64;16;908.51;10;15;17
485;211;17.35;16;907.26;10;16;17
488;220;17.12;16;906.21;9;14;16
491;235;16.81;16;904.64;9;14;17
493;245;16.57;17;903.47;9;14;19
496;261;16.26;17;901.80;9;14;18
498;272;16.06;17;900.56;9;14;18
501;286;15.82;16;898.99;9;13;18
503;297;15.70;16;897.80;9;13;18
506;297;15.82;16;897.80;9;14;24
508;297;15.90;16;897.82;10;16;26
511;297;15.97;16;897.84;9;14;22
513;297;16.04;16;897.85;9;15;24
515;297;16.11;17;897.86;9;17;27
517;297;16.17;17;897.86;7;15;25
520;297;16.24;17;897.84;7;16;26
522;297;16.23;17;897.88;7;15;25
525;297;16.08;17;897.86;8;16;30
527;297;16.26;17;897.88;9;17;31
530;297;16.27;17;897.88;9;18;31
532;297;16.20;17;897.85;10;19;33
535;297;16.16;17;897.88;10;18;26
537;297;16.20;17;897.79;10;17;25
540;298;16.12;16;897.72;11;18;26
543;297;16.14;16;897.79;11;18;28
546;297;16.24;16;897.83;11;20;31
548;297;16.22;16;897.87;11;20;31
551;296;16.22;16;897.92;11;20;29
553;296;16.28;16;897.94;11;20;27
556;296;16.33;16;897.94;11;20;29
558;296;16.39;16;897.90;11;19;29
561;297;16.38;17;897.83;10;19;29
563;296;16.46;17;897.91;9;19;30
566;296;16.56;17;897.90;10;20;31
568;297;16.59;17;897.89;10;19;29
571;297;16.67;17;897.89;10;17;27
574;296;16.71;17;897.92;10;17;27
577;297;16.70;17;897.88;10;18;24
579;297;16.74;17;897.89;9;17;24
582;297;16.78;17;897.89;9;16;20
584;297;16.80;17;897.87;9;16;20
587;297;16.86;17;897.84;8;16;20
589;297;16.87;17;897.84;9;16;20
592;297;16.83;17;897.82;10;18;20
594;297;16.79;17;897.82;10;19;21
597;297;16.71;17;897.86;11;20;22
599;297;16.65;17;897.80;11;20;23
603;297;16.64;17;897.83;11;20;23
605;297;16.76;17;897.80;11;20;23
608;301;16.76;17;897.44;12;21;25
610;308;16.79;17;896.68;11;21;24
613;321;16.79;17;895.24;12;20;23
615;333;16.72;16;893.93;11;20;23
618;346;16.78;16;892.51;11;19;23
620;356;16.78;16;891.47;11;18;21
622;366;16.74;16;890.32;11;20;23
625;374;16.73;15;889.46;11;20;23
627;383;16.69;15;888.56;11;23;30
629;381;16.58;15;888.69;10;22;29
632;381;16.63;15;888.72;9;21;32
634;381;16.64;15;888.74;9;22;34
636;381;16.60;15;888.77;9;21;29
638;381;16.56;15;888.74;9;21;29
641;381;16.51;15;888.74;8;18;25
643;380;16.45;14;888.78;8;18;25
646;380;16.40;14;888.79;7;17;22
649;380;16.37;14;888.82;7;17;22
652;380;16.32;14;888.81;8;18;24
654;380;16.34;14;888.83;7;17;23
656;380;16.36;14;888.79;5;13;21
658;380;16.37;14;888.86;5;14;22
661;380;16.34;14;888.85;4;9;13
663;380;16.31;14;888.87;3;8;10
666;379;16.29;14;888.91;3;7;10
668;379;16.26;14;888.90;3;8;10
671;380;16.20;14;888.87;4;9;9
673;380;16.12;14;888.84;4;8;8
676;380;16.00;14;888.82;4;8;8
678;379;15.93;14;888.91;4;7;7
681;379;15.85;14;888.90;3;7;7
684;379;15.83;14;888.94;4;6;7
687;380;15.77;15;888.83;4;7;8
689;379;15.78;15;888.90;5;8;9
692;379;15.81;16;888.95;5;9;12
694;379;15.82;16;888.90;6;11;15
696;380;15.85;16;888.87;7;12;16
698;380;15.89;16;888.81;7;14;19
701;380;15.91;15;888.82;8;18;28
703;380;15.89;15;888.80;7;17;26
706;380;15.87;15;888.80;5;13;19
708;380;15.84;15;888.82;5;13;19
711;380;15.82;14;888.85;4;9;15
714;380;15.83;14;888.83;4;9;15
717;380;15.87;14;888.80;7;15;21
719;380;15.87;13;888.83;9;19;30
721;380;15.85;13;888.82;11;26;44
723;380;15.85;13;888.79;11;25;42
726;380;15.84;13;888.83;9;20;36
728;380;15.84;13;888.81;7;17;29
730;382;15.86;13;888.67;6;14;20
732;387;15.85;13;888.07;6;15;26
735;396;15.89;13;887.07;8;18;29
737;405;15.90;13;886.10;8;18;25
739;416;15.94;13;885.01;10;22;33
741;424;15.97;13;884.05;10;22;34
744;435;16.02;13;882.93;14;29;44
746;443;16.05;13;882.09;17;35;57
748;452;16.09;13;881.11;24;50;99
750;458;16.13;13;880.39;27;52;109
753;467;16.13;13;879.52;29;65;143
755;470;16.03;12;879.21;29;62;134
757;469;16.14;11;879.26;24;48;82
759;469;16.20;11;879.29;24;48;82
762;469;16.24;11;879.30;21;43;74
765;469;16.26;11;879.29;19;39;68
767;469;16.28;11;879.27;9;21;38
769;469;16.35;11;879.28;10;21;42
772;468;16.40;11;879.32;9;24;44
774;469;16.42;11;879.30;8;21;40
776;469;16.45;11;879.28;7;18;34
778;469;16.48;10;879.28;7;18;34
781;469;16.49;10;879.31;7;17;33
783;469;16.51;10;879.28;7;17;33
786;469;16.54;10;879.27;5;12;21
789;469;16.57;10;879.27;5;12;21
792;469;16.62;10;879.25;4;8;11
794;469;16.66;10;879.25;4;8;11
797;469;16.70;10;879.25;4;7;9
799;469;16.73;10;879.21;4;7;9
802;469;16.75;10;879.24;5;7;10
804;469;16.76;10;879.22;5;7;10
808;469;16.80;10;879.27;5;6;10
810;469;16.81;10;879.24;5;6;10
813;469;16.83;10;879.25;5;7;11
815;469;16.83;10;879.26;5;7;11
818;469;16.86;10;879.25;4;6;11
820;469;16.86;10;879.25;4;6;11
823;469;16.87;10;879.28;4;7;13
826;469;16.89;10;879.27;4;7;13
829;469;16.92;10;879.22;3;6;9
831;469;16.95;10;879.25;3;6;9
834;469;16.97;9;879.24;3;6;9
836;469;16.99;9;879.27;3;6;9
839;469;17.02;9;879.23;2;6;7
841;469;17.06;9;879.24;2;6;7
844;469;17.09;9;879.22;2;6;6
846;469;17.11;9;879.26;2;6;6
849;469;17.15;9;879.24;1;3;3
852;469;17.16;9;879.25;1;3;3
855;469;17.21;9;879.24;2;4;4
857;467;17.26;9;879.46;2;4;4
860;462;17.33;9;880.04;2;4;4
862;457;17.35;9;880.53;2;4;4
865;451;17.28;9;881.21;3;5;9
867;445;17.15;9;881.77;3;5;9
870;439;16.96;9;882.51;3;5;10
872;434;16.83;10;883.00;3;5;10
875;429;16.69;10;883.55;9;21;43
877;424;16.60;10;884.08;10;25;47
879;420;16.51;10;884.57;9;30;49
881;415;16.42;10;885.02;9;30;49
884;411;16.35;11;885.52;8;25;39
886;406;16.26;11;886.00;8;25;39
888;402;16.18;12;886.45;18;37;66
890;398;16.08;12;886.86;20;41;74
893;394;15.98;13;887.36;27;51;101
895;389;15.87;12;887.84;27;50;103
897;386;15.79;13;888.20;26;50;107
899;383;15.77;13;888.55;27;52;111
902;379;15.76;13;888.98;26;53;123
904;375;15.72;13;889.33;26;53;120
906;371;15.70;13;889.79;23;48;97
909;367;15.69;13;890.24;22;46;92
911;362;15.59;14;890.74;21;44;94
913;358;15.44;14;891.24;21;44;94
916;351;15.25;15;891.93;23;49;111
918;346;15.07;15;892.47;23;49;111
921;341;14.89;14;893.02;24;48;109
923;337;14.74;13;893.54;23;48;105
925;332;14.62;13;894.01;14;33;60
927;327;14.47;14;894.53;11;27;49
930;322;14.32;15;895.07;6;13;18
932;317;14.19;15;895.62;6;13;18
935;309;13.95;16;896.56;6;13;17
937;303;13.83;16;897.23;6;13;17
940;294;13.79;17;898.18;8;17;30
942;288;13.77;17;898.83;8;17;30
945;280;13.75;17;899.72;10;18;32
947;274;13.74;18;900.38;10;18;32
950;268;13.74;18;900.99;15;28;45
952;263;13.77;18;901.50;15;30;46
954;258;13.82;18;902.07;13;29;38
956;253;13.83;18;902.64;13;29;38
959;247;13.83;18;903.28;10;20;25
961;242;13.82;18;903.81;10;20;25
964;235;13.84;18;904.66;8;15;20
966;228;13.87;18;905.34;8;15;20
969;219;13.85;18;906.42;7;13;16
971;212;13.83;19;907.12;7;13;16
974;204;13.84;18;908.02;7;13;16
976;197;13.86;18;908.82;7;13;16
979;188;13.90;19;909.80;8;15;20
982;181;13.91;19;910.58;8;15;20
985;171;13.92;19;911.59;8;15;18
987;164;13.95;19;912.38;8;15;18
989;158;13.94;20;913.13;12;21;27
991;151;13.93;20;913.82;13;23;29
994;145;13.91;20;914.54;16;27;31
996;139;13.94;20;915.13;18;30;34
998;133;14.02;20;915.82;19;31;37
1000;128;14.09;20;916.38;19;31;37
1003;121;14.22;20;917.16;20;31;36
1005;116;14.32;20;917.73;20;31;36
1009;107;14.30;21;918.77;21;32;38
1011;100;14.23;21;919.47;21;32;38
1014;92;14.23;21;920.44;23;35;44
1016;86;14.27;21;921.02;23;35;44
1018;80;14.35;21;921.77;25;38;48
1020;74;14.45;21;922.39;26;39;49
1023;68;14.56;21;923.11;27;42;53
1025;61;14.66;21;923.83;27;41;54
1027;54;14.74;21;924.57;28;43;54
1029;49;14.82;21;925.21;28;43;54
1032;40;14.91;21;926.24;27;42;53
1035;33;14.95;21;927.01;27;42;53
1038;23;15.03;21;928.08;26;40;50
1040;16;15.05;21;928.86;26;40;50
1043;14;15.04;21;929.08;26;39;50
1045;10;15.09;21;929.55;26;39;50
1047;6;15.15;21;929.96;25;40;49
1049;5;15.18;21;930.12;26;41;50
1052;2;15.12;21;930.47;28;44;57
1054;0;15.11;21;930.61;28;44;59
1056;0;15.09;21;930.62;28;45;60
1058;1;15.07;21;930.59;28;45;60
1061;1;15.04;21;930.57;29;44;60
1063;1;15.00;21;930.60;29;44;60
1065;0;14.97;21;930.61;28;42;55
1067;0;14.93;22;930.62;28;41;52
1070;1;14.89;22;930.60;28;42;53
1072;1;14.86;22;930.58;28;42;53
